8,20 11,8 29,16 6,21 12,7 27,15 6,20 10,9 17,19 12,6 27,17 18,18 10,6 6,30 7,20 6,31 29,15 5,32 18,21 28,16 4,30 26,16 12,8 30,15 11,6 5,31 6,19 13,7 10,8 5,30 16,20 9,20 4,32 7,21 19,20 6,29 18,19 19,18 7,19 17,20 19,19 28,15 9,7 20,21 
8,19 18,21 29,16 10,8 6,31 18,20 11,7 28,15 11,8 4,32 17,20 18,19 19,21 6,30 8,21 27,16 28,16 17,19 6,21 7,30 27,17 10,6 4,30 16,19 18,22 19,19 8,20 7,20 8,31 6,19 
11,7 4,32 28,16 11,6 7,21 19,19 8,21 6,20 18,19 6,30 20,20 18,21 29,16 5,30 10,8 9,9 12,8 27,16 12,6 6,32 5,31 6,21 28,15 6,31 21,19 11,8 19,20 4,31 
4,32 6,32 17,19 7,21 4,31 18,20 6,20 5,31 6,31 4,30 19,19 10,7 10,8 7,20 17,21 6,19 27,15 4,29 5,30 28,16 7,30 5,19 12,7 28,15 8,20 7,32 10,6 29,16 7,19 6,30 28,17 5,29 12,8 13,7 6,29 7,31 27,17 11,7 18,19 18,18 
28,16 19,19 6,21 12,6 11,7 12,7 5,32 6,32 29,16 6,20 5,31 8,21 12,8 17,21 9,20 13,6 18,19 7,21 18,20 30,17 18,18 10,7 6,31 11,8 7,31 29,15 28,17 30,15 19,20 27,15 4,32 4,31 20,19 4,33 8,20 5,30 29,17 17,20 10,8 6,19 13,7 27,17 10,6 21,20 4,30 
17,19 6,31 27,17 26,17 7,19 29,15 8,21 28,16 28,15 6,30 18,21 29,17 6,32 8,19 7,31 19,20 12,7 28,17 6,19 7,32 27,18 17,20 30,18 5,31 9,18 19,19 7,29 5,19 18,18 8,18 7,20 6,21 
7,20 4,31 12,8 7,21 5,30 6,31 8,22 27,17 29,15 18,19 19,21 4,32 6,21 10,6 5,31 29,17 7,19 8,19 17,20 19,19 18,18 5,20 5,32 3,32 8,20 17,19 9,18 19,20 27,15 
11,8 8,20 27,15 28,17 19,21 12,6 5,31 6,21 29,15 6,31 7,20 28,15 18,19 5,22 17,19 27,16 6,32 28,16 4,31 26,17 4,32 30,16 28,14 7,31 6,20 4,30 5,32 19,20 7,32 13,5 12,8 5,21 3,30 7,21 6,33 29,17 
29,17 6,30 5,31 30,17 4,30 17,20 18,20 6,19 8,20 5,32 11,7 6,31 6,32 11,6 29,16 3,30 7,19 8,19 18,19 19,18 12,7 27,15 5,20 11,8 10,9 19,21 5,30 4,33 10,6 4,31 4,32 7,31 10,8 12,9 3,31 10,10 18,18 3,29 17,18 11,9 18,21 12,6 19,20 
19,20 29,15 12,6 8,19 19,19 28,16 29,17 7,21 5,31 12,8 18,18 6,22 10,8 18,20 7,20 9,19 11,8 28,14 12,9 6,20 20,19 13,9 10,6 27,17 28,17 4,31 4,32 10,7 27,16 28,15 11,9 27,18 20,20 17,21 12,7 26,19 26,17 11,5 11,7 4,30 6,21 5,30 
4,30 29,15 10,8 9,8 18,21 19,19 29,17 12,7 30,16 28,16 7,19 11,8 18,19 6,19 7,20 5,31 5,32 17,21 3,31 18,20 5,18 6,30 8,20 19,21 18,18 8,21 12,8 7,21 20,22 11,7 11,6 13,7 28,15 19,18 27,15 30,14 10,6 
7,19 4,31 8,21 8,20 28,15 11,7 5,31 11,8 5,32 28,17 12,8 7,20 9,21 5,30 6,18 19,19 6,19 7,21 6,21 28,16 8,18 6,29 18,19 27,14 19,21 6,31 6,30 19,22 17,19 10,7 6,20 29,17 3,31 29,16 20,22 4,30 5,20 6,32 30,16 8,19 
29,16 4,32 18,20 19,20 12,8 28,17 17,20 8,19 8,20 7,19 9,18 10,8 8,21 6,32 27,17 5,32 9,9 13,7 4,31 7,21 11,6 9,22 7,20 13,8 10,7 29,17 10,18 6,20 17,21 3,32 7,18 19,21 9,19 6,18 11,7 12,7 6,30 
4,30 19,21 6,30 28,15 17,19 5,31 29,17 28,17 12,6 18,20 6,20 17,20 7,21 6,21 8,20 10,6 16,19 9,21 13,7 10,8 4,32 6,32 3,31 9,9 8,21 7,22 4,29 7,20 5,21 6,31 7,32 7,31 5,30 27,17 16,21 29,18 8,19 19,19 5,29 12,8 6,29 26,17 7,19 18,19 16,20 
17,21 10,8 5,32 28,16 12,8 29,16 6,32 4,30 27,17 8,20 5,30 17,19 7,19 9,7 27,15 10,6 8,19 5,31 17,20 18,22 27,16 6,19 8,21 29,15 12,6 4,31 6,29 3,30 11,6 26,16 11,7 6,31 18,21 29,17 28,14 3,29 7,20 13,6 18,20 7,21 19,20 28,15 
6,20 18,19 6,32 11,8 17,19 12,6 4,30 6,21 19,19 7,33 10,6 18,18 5,21 27,15 16,19 28,17 12,7 4,32 8,19 5,30 16,20 11,7 29,15 5,19 13,6 18,20 7,19 29,17 28,15 9,18 7,21 
17,21 7,19 28,16 5,30 11,8 7,21 5,32 8,20 27,15 12,6 17,20 5,31 11,7 6,21 12,7 16,21 28,17 27,16 13,8 6,32 10,6 11,6 17,19 4,33 6,31 12,8 6,33 10,8 29,17 11,5 12,9 10,5 10,7 14,9 29,16 9,7 6,30 5,33 7,32 7,33 
29,15 5,30 4,32 6,20 6,29 17,19 11,8 17,20 12,8 6,19 6,21 10,8 19,20 28,16 6,32 19,19 4,31 4,30 27,17 29,17 28,15 29,16 5,32 6,30 3,32 5,31 
4,32 18,19 29,15 10,8 8,21 11,6 19,20 5,31 6,20 27,15 11,7 28,15 28,16 28,14 5,32 18,21 6,21 8,20 27,17 9,7 18,20 7,22 10,7 28,18 7,20 10,6 12,8 19,21 28,17 8,19 8,22 6,33 5,30 12,6 6,30 
6,19 6,21 27,17 11,6 5,32 28,17 27,15 28,15 17,20 28,16 17,19 29,16 17,18 18,19 12,8 11,8 16,21 19,20 10,7 6,20 18,21 11,7 6,31 7,20 19,22 29,17 7,21 
17,20 29,16 27,17 6,31 4,31 6,19 19,20 6,21 11,7 12,7 4,30 12,6 17,21 5,32 17,22 10,6 8,20 9,5 27,16 7,19 8,21 9,19 18,20 10,8 19,21 8,19 27,15 9,21 12,8 28,17 
8,20 6,31 27,17 28,15 28,17 28,16 29,15 18,20 5,32 6,30 17,19 5,30 5,29 27,16 27,18 7,21 11,6 4,30 5,31 29,17 4,31 12,8 17,21 4,33 8,19 11,7 26,17 10,6 6,29 3,31 19,19 7,30 4,32 28,18 3,30 29,19 3,32 7,20 5,33 10,8 10,7 16,19 29,16 26,18 
27,15 11,6 29,17 28,16 17,21 26,15 7,20 28,17 17,20 4,31 18,21 6,31 18,22 27,17 25,14 6,21 10,6 26,14 4,32 4,30 17,22 27,16 8,19 9,19 26,17 30,17 8,20 
19,20 29,17 6,30 6,21 7,19 12,8 6,29 29,15 18,20 29,16 12,7 6,19 5,22 18,19 27,15 29,18 10,7 7,21 11,8 7,20 6,32 4,30 7,22 10,8 9,8 10,9 12,6 5,32 12,9 5,29 18,21 8,21 6,33 8,20 5,21 7,30 5,31 5,19 5,34 27,16 13,7 7,23 6,20 5,30 28,18 
7,20 5,31 8,21 10,7 9,22 18,19 6,21 29,16 27,15 19,19 4,31 7,21 7,19 11,6 19,21 12,6 5,30 17,21 27,17 5,32 8,20 10,6 9,7 28,17 28,18 6,22 6,19 29,17 8,19 4,32 30,18 6,31 7,18 9,20 9,18 6,20 8,17 10,23 19,20 5,18 26,16 5,20 12,8 6,32 18,20 
29,16 11,8 4,31 11,9 5,32 19,19 11,6 5,30 27,17 18,21 19,20 10,6 7,21 17,20 10,7 6,19 26,16 4,30 10,8 4,32 28,16 12,7 18,19 17,21 3,31 10,9 5,31 8,19 17,22 7,19 28,15 12,6 11,7 16,21 28,17 12,5 17,19 9,6 27,18 6,29 27,16 29,15 26,15 
18,19 28,16 8,19 7,19 19,21 17,20 4,30 6,20 3,30 10,7 17,19 7,20 27,16 3,31 17,18 11,7 11,6 18,21 19,19 8,18 28,15 12,5 17,22 8,17 27,17 28,17 6,18 26,16 10,8 7,21 29,16 18,20 20,21 17,21 8,20 
5,30 18,21 6,21 7,19 12,6 4,30 5,32 10,7 7,20 29,15 18,19 11,6 7,21 18,20 12,8 28,15 17,20 10,6 12,7 17,21 19,21 19,20 6,32 4,32 27,15 9,7 13,7 6,20 10,5 8,20 19,22 27,16 19,19 11,8 17,19 5,22 8,19 
11,7 28,16 11,6 8,21 5,32 19,19 6,30 6,32 4,31 29,16 7,19 28,17 18,19 18,20 17,21 7,20 6,21 12,6 6,19 18,21 11,8 19,21 17,20 7,21 29,15 16,21 10,8 12,8 12,5 12,7 
7,21 12,8 6,19 6,30 8,21 4,31 5,19 27,15 4,32 8,19 19,19 18,19 12,7 5,30 17,21 7,20 6,31 28,14 8,20 17,22 4,30 13,8 27,17 27,16 18,20 6,21 19,20 29,17 28,15 26,18 17,20 7,19 5,29 5,18 10,8 29,16 18,21 28,18 17,19 
7,19 12,6 12,8 11,8 19,21 5,31 28,15 4,30 19,20 5,30 7,20 4,31 6,29 28,14 10,6 8,21 8,20 6,20 20,21 9,19 6,21 27,16 12,9 26,16 13,8 5,32 19,19 7,21 8,19 17,19 18,21 6,32 12,10 
6,20 29,15 4,31 12,6 18,21 8,19 28,15 27,17 17,19 11,7 27,15 5,30 27,16 29,16 6,30 10,8 26,17 7,20 8,21 9,22 28,17 18,20 19,19 30,15 4,32 11,8 
27,15 5,32 6,19 19,20 10,7 8,19 28,15 11,7 18,21 8,20 8,21 18,19 20,19 6,21 17,19 29,15 9,19 19,19 21,18 6,30 28,14 11,6 10,6 6,31 27,16 9,7 18,20 28,17 12,8 11,8 7,20 10,8 5,31 4,32 20,18 7,21 11,9 12,7 9,6 
12,6 6,21 28,15 17,20 29,15 5,31 17,21 18,21 7,20 8,21 5,30 5,32 19,20 29,17 5,33 29,16 18,20 4,30 5,29 8,20 10,8 7,19 6,31 27,17 8,18 6,32 6,19 10,6 6,30 11,5 12,7 18,19 19,19 17,19 10,7 4,32 28,14 28,16 11,8 7,21 11,7 3,32 5,22 8,19 
28,15 27,17 19,19 18,20 17,19 8,20 19,21 9,20 29,15 4,32 29,14 30,15 19,20 6,32 7,19 28,16 16,18 29,16 6,19 18,21 6,20 4,30 31,14 27,18 7,20 12,6 6,30 18,19 
17,21 28,17 7,21 17,20 10,7 29,16 18,21 29,15 19,21 18,20 6,31 19,19 5,31 11,8 12,8 6,21 18,19 10,8 6,32 29,17 11,7 7,31 28,16 4,31 28,15 30,15 16,19 16,21 27,16 
19,21 7,21 11,6 5,32 6,31 17,21 18,20 4,33 10,6 28,16 10,5 8,19 18,21 29,16 17,22 7,30 10,7 28,17 4,32 19,19 27,17 27,15 28,15 5,30 29,15 6,30 3,33 8,21 11,7 30,17 6,20 
19,19 29,15 28,17 19,21 7,21 4,31 10,8 11,6 12,6 28,16 11,8 7,20 27,16 18,20 12,7 28,15 7,19 29,16 5,30 10,6 18,21 10,7 8,19 6,19 30,16 11,7 9,7 6,30 27,14 9,5 8,20 8,21 19,20 11,5 13,7 27,17 6,20 5,18 
28,17 12,8 19,20 19,19 27,17 8,20 6,20 19,21 6,19 7,21 10,7 6,21 4,31 9,20 4,30 5,29 18,20 28,18 18,21 5,31 3,29 29,17 11,7 6,22 7,22 4,32 7,20 10,6 9,7 10,8 17,21 5,22 7,19 6,32 8,21 17,20 20,20 6,18 26,16 9,5 
27,15 8,19 27,17 6,30 4,31 10,6 9,18 5,32 29,16 29,15 6,32 7,21 8,21 7,19 4,30 4,32 28,15 6,33 29,17 9,19 7,20 6,20 11,7 8,17 29,14 28,16 10,7 3,31 10,8 
12,7 6,31 29,17 7,19 8,19 6,32 10,6 10,8 18,19 4,31 27,17 10,7 29,16 5,30 17,20 9,8 27,18 29,15 30,18 6,30 7,29 13,7 3,31 6,20 19,20 17,21 28,15 28,14 16,20 16,19 4,29 11,8 4,30 2,32 28,16 8,20 19,21 18,20 28,18 11,7 18,21 6,18 
8,21 27,17 5,30 29,17 12,7 17,20 6,20 27,15 30,17 12,6 5,32 6,19 7,19 6,21 28,16 30,18 6,30 11,6 29,16 28,17 7,21 27,16 13,5 11,8 7,20 4,31 28,15 26,14 26,15 18,20 4,32 26,13 5,20 5,31 9,21 10,7 17,19 10,6 13,8 18,21 5,29 
28,17 19,21 11,8 28,15 4,32 8,20 11,7 3,32 12,8 18,20 29,15 11,9 8,21 29,17 12,6 27,14 19,20 30,18 5,32 18,21 4,31 9,21 27,15 10,6 7,19 10,9 7,20 8,19 6,30 28,16 29,18 27,16 27,17 7,21 
10,7 27,16 17,20 6,21 18,19 27,15 26,16 10,8 7,21 10,6 17,19 17,18 19,19 18,18 29,15 9,8 11,7 18,20 29,17 5,20 30,17 11,6 6,32 18,21 26,14 28,17 7,20 8,19 
27,17 10,6 17,21 29,16 7,20 28,16 19,19 4,32 6,21 6,31 6,30 12,7 7,19 19,21 4,30 27,15 29,15 27,16 17,22 9,5 6,20 11,8 13,6 28,14 18,20 18,21 11,6 27,18 28,15 7,21 7,31 20,20 29,17 28,17 12,8 26,19 30,14 12,9 30,18 4,31 7,30 6,32 26,15 8,21 5,30 
11,6 28,15 7,21 29,16 4,31 5,31 5,30 8,20 10,8 27,15 7,19 26,14 7,20 12,7 12,8 6,19 13,7 17,19 10,6 19,19 18,20 8,19 19,20 4,30 20,18 4,29 3,29 27,13 28,16 6,31 6,32 26,16 12,6 27,16 27,17 5,19 9,7 3,31 26,15 4,32 3,32 7,18 6,21 13,6 
6,20 28,16 17,21 19,21 4,31 19,19 27,16 8,21 12,8 5,32 18,20 6,19 10,8 18,21 5,21 11,8 6,21 19,20 12,6 12,7 8,20 19,22 13,6 29,15 17,20 7,19 29,16 30,16 12,5 7,20 9,21 10,9 18,19 7,21 16,22 17,19 29,17 
8,21 6,30 6,20 7,20 6,19 4,31 6,31 11,7 12,7 9,20 6,21 10,8 11,8 5,31 6,29 28,16 8,22 7,21 27,15 8,20 28,15 12,8 18,20 10,6 8,19 17,21 9,7 19,21 9,8 20,20 9,5 29,16 4,30 11,5 27,17 12,6 27,16 6,32 18,21 3,31 
10,8 18,21 19,20 12,8 8,20 12,6 11,6 10,7 6,19 11,8 6,20 6,31 29,15 7,32 5,31 20,20 6,30 7,19 4,31 10,6 28,15 7,21 27,16 27,17 19,19 27,15 13,7 9,7 8,19 7,29 12,7 9,19 4,30 7,20 29,17 28,16 9,8 11,9 17,19 18,19 28,14 8,22 13,6 29,16 
28,17 11,8 4,31 17,20 29,17 19,21 17,21 12,6 11,7 6,19 28,16 29,18 4,32 29,15 6,32 4,30 11,6 28,15 17,19 6,20 12,7 18,21 5,30 12,5 27,16 28,18 12,8 28,19 6,31 13,7 11,9 
5,30 18,21 11,8 29,15 29,17 18,20 4,31 6,21 5,29 17,21 27,15 5,31 6,31 8,20 17,20 11,7 12,8 16,19 6,19 6,22 28,16 27,16 28,15 4,29 19,21 19,19 12,9 6,30 28,14 7,30 7,20 4,30 6,29 29,16 4,32 
4,30 28,16 28,15 18,21 12,8 5,30 17,19 17,20 4,31 11,8 19,21 18,20 10,7 7,21 10,6 4,32 4,33 11,7 28,17 18,19 12,7 29,15 27,16 7,19 29,16 6,30 28,14 5,31 7,20 12,6 8,19 4,29 11,6 5,29 6,21 9,6 
12,8 29,15 10,7 8,20 5,32 11,6 19,19 30,15 5,30 29,16 4,31 8,21 11,7 12,7 11,8 6,20 6,32 9,20 10,8 10,6 12,6 13,6 17,21 4,32 18,20 27,16 7,19 19,21 27,17 7,20 28,17 29,17 27,15 8,19 6,21 5,31 11,9 
29,16 11,8 28,17 17,19 18,21 17,20 27,16 7,20 8,21 6,31 12,8 8,20 13,8 7,19 6,30 28,15 10,9 4,30 11,7 4,31 13,9 12,7 8,19 5,30 6,19 19,19 29,17 18,19 5,31 10,8 27,17 7,18 17,18 26,17 28,16 19,21 18,20 30,17 20,21 
6,21 18,20 18,19 12,8 5,30 29,16 12,6 5,31 29,17 19,20 28,15 10,6 18,21 11,6 28,17 27,17 17,21 7,19 7,22 4,31 19,21 12,7 5,32 19,19 18,22 10,8 6,19 13,7 11,7 14,6 7,20 
10,8 28,16 8,21 11,7 17,21 4,31 27,16 17,20 18,22 10,6 11,8 7,19 17,22 6,31 7,21 16,23 12,7 9,6 29,16 9,9 5,30 6,19 10,7 18,19 17,19 6,21 29,17 12,8 29,15 28,15 11,5 19,20 6,20 16,18 4,32 7,20 5,31 30,16 11,6 19,21 6,32 11,9 5,18 6,29 26,16 
10,6 18,21 6,20 27,15 7,19 4,32 29,15 11,8 18,19 19,19 6,31 11,6 19,21 12,7 11,7 7,21 17,19 19,22 6,18 5,31 11,5 17,20 27,17 12,6 6,17 5,32 8,19 13,6 18,20 10,9 17,21 11,4 8,20 6,19 26,18 27,16 6,32 29,17 12,8 6,21 7,20 28,17 20,21 18,22 7,18 
19,19 11,7 12,6 11,8 29,15 19,20 29,16 5,30 18,21 4,31 28,15 11,6 17,21 17,19 6,32 18,19 6,31 8,19 29,14 6,20 7,19 28,16 10,7 12,8 7,21 5,32 17,20 7,22 
8,20 7,20 6,30 28,15 28,16 29,17 5,31 17,20 27,16 17,19 19,19 4,31 12,8 8,21 11,6 7,21 5,32 29,15 18,20 9,21 6,21 4,30 6,31 30,16 8,19 11,8 
27,16 28,16 8,20 6,30 6,31 29,16 4,32 7,30 19,21 10,7 6,21 28,17 29,17 29,15 9,6 18,21 11,7 7,19 6,19 6,18 12,8 7,21 5,31 11,6 28,15 30,18 8,19 10,8 4,31 12,7 6,20 12,9 
12,8 4,32 7,21 10,8 5,30 6,32 6,33 18,21 7,32 18,20 11,8 5,29 28,17 10,7 11,7 29,18 19,21 12,6 12,7 27,17 8,21 12,5 7,19 8,20 11,6 6,31 12,9 28,15 19,20 5,31 6,19 
6,32 11,6 18,20 17,19 12,8 17,20 28,15 29,16 17,21 19,19 16,20 6,30 18,22 4,30 6,21 5,32 28,16 10,8 10,7 5,30 16,19 18,21 27,16 11,7 6,20 17,22 5,19 4,29 18,19 7,31 5,31 29,17 12,6 7,20 27,17 7,19 8,21 7,30 19,21 7,21 19,20 30,16 30,17 19,22 
5,32 7,19 19,19 19,20 18,21 12,7 4,30 28,17 19,21 8,20 17,21 6,21 5,30 11,6 28,15 4,29 5,31 6,30 8,21 12,8 11,7 27,16 19,18 6,32 10,6 6,20 20,20 27,17 18,20 28,16 
29,17 27,16 28,16 27,15 7,19 28,15 5,31 12,7 12,8 29,16 6,32 19,19 7,20 17,21 11,7 4,31 8,19 6,20 10,7 27,17 6,19 18,18 28,17 26,14 28,18 12,6 18,19 4,30 6,30 11,6 13,9 5,30 28,14 13,8 5,29 6,31 11,8 4,32 
29,17 10,8 6,32 8,20 27,15 11,6 18,20 4,31 19,20 11,7 28,17 10,6 12,8 8,21 5,31 12,7 17,19 4,30 10,7 18,21 4,29 6,20 3,31 29,18 5,21 6,19 6,21 7,20 5,30 5,20 10,5 5,32 27,17 27,16 26,17 6,33 7,33 8,19 4,32 20,21 7,21 
8,19 28,15 6,30 9,20 6,32 4,30 11,8 17,19 5,32 10,8 18,19 5,31 18,21 4,31 19,20 12,9 12,7 7,32 27,15 7,20 11,7 10,7 9,7 6,31 9,8 19,19 
11,6 8,21 5,30 4,31 11,8 4,32 27,17 8,19 12,8 6,31 6,20 6,19 8,20 7,32 11,7 29,17 9,20 12,7 5,32 19,21 3,32 7,20 5,19 17,20 7,19 5,31 4,30 8,18 6,18 6,21 17,19 9,21 18,20 7,17 12,6 27,15 18,21 17,21 5,20 10,20 28,18 29,19 30,16 2,32 
27,16 6,32 28,15 18,21 19,20 28,17 4,31 4,30 29,15 12,8 10,8 5,31 8,21 10,9 29,16 12,6 28,14 11,6 12,7 6,30 17,20 9,9 18,19 29,14 30,16 17,18 5,32 6,31 8,20 27,15 27,17 5,30 28,16 11,7 19,22 10,7 30,15 4,32 
29,15 18,20 28,16 5,32 7,21 19,21 12,8 11,6 13,7 28,15 6,31 18,19 12,6 29,16 8,21 6,32 29,17 29,14 17,19 18,21 12,7 11,7 5,30 13,8 11,5 7,20 10,6 30,15 7,31 6,21 12,5 19,22 17,21 4,31 28,14 6,22 14,9 18,23 8,19 7,32 13,9 5,31 
27,16 11,6 18,20 6,19 10,8 6,20 27,15 4,30 7,21 12,6 12,7 13,6 27,14 19,19 7,20 19,21 6,30 13,7 29,16 8,20 28,17 27,17 7,19 27,18 19,20 18,21 10,7 6,21 10,5 5,20 26,18 
10,8 29,17 11,7 6,31 18,20 10,6 17,20 27,16 7,19 9,6 17,21 18,21 6,21 28,18 6,20 4,31 4,32 12,6 19,20 12,8 16,21 11,5 7,20 17,19 16,18 30,17 7,21 11,8 18,19 13,5 10,7 11,6 19,21 29,16 28,17 12,7 16,22 9,9 12,5 17,18 
29,15 12,7 4,30 18,20 27,16 6,21 10,8 27,15 7,20 6,32 11,8 11,7 5,30 10,6 30,14 9,7 17,19 28,16 19,19 19,21 28,15 19,20 8,19 17,20 16,18 7,32 6,31 18,21 16,20 27,17 17,21 18,19 
5,31 7,21 7,19 6,19 19,19 18,19 4,32 7,20 8,20 27,15 8,19 27,16 29,15 12,6 10,7 9,8 9,20 8,18 6,32 5,30 28,15 17,19 7,18 4,30 12,8 4,31 11,6 5,33 5,32 9,19 17,20 11,7 11,5 12,7 6,31 7,31 28,17 6,21 6,34 27,17 8,21 19,20 10,6 
28,15 11,7 5,31 12,7 4,32 8,19 28,16 6,31 29,17 27,15 8,21 10,6 28,14 10,7 12,8 10,8 17,21 11,6 29,16 11,8 6,30 27,16 5,32 12,9 7,21 6,20 4,31 7,19 18,20 6,32 7,32 12,6 29,14 29,15 6,29 8,20 27,14 6,19 6,18 11,9 6,21 27,17 11,5 13,8 9,19 
11,7 4,30 29,16 11,6 18,21 19,19 18,19 18,20 27,16 28,17 19,21 29,15 29,18 6,20 5,29 7,19 27,15 17,19 6,32 5,30 27,17 30,16 26,18 12,5 12,8 28,15 30,15 28,16 26,16 28,14 17,20 
7,21 18,21 18,22 8,21 28,16 27,17 29,16 4,30 6,31 6,20 29,15 19,19 18,19 5,31 28,17 12,7 19,22 8,20 10,7 10,6 7,19 5,30 4,32 17,19 28,14 9,20 12,6 27,16 4,29 6,30 
27,16 6,31 18,21 6,32 10,6 28,16 12,8 29,17 8,19 29,15 27,15 10,7 28,17 18,20 6,20 12,6 5,31 18,19 30,18 7,32 7,31 5,30 10,8 11,7 26,15 7,19 17,21 4,32 5,32 11,8 17,19 19,18 11,6 18,22 7,20 7,33 19,20 18,18 4,33 29,16 8,21 27,14 17,20 9,6 19,21 
12,7 6,31 19,19 28,16 11,6 10,5 27,17 8,21 29,15 11,8 12,6 19,20 28,15 6,20 28,17 7,20 8,20 5,21 8,19 20,18 7,19 10,6 5,31 7,22 18,19 18,21 27,15 17,21 4,32 21,19 
4,32 29,15 27,16 28,17 10,6 17,20 27,15 6,32 4,31 5,30 10,7 8,21 29,17 28,15 6,21 27,14 6,20 11,6 12,8 8,22 29,16 28,14 5,31 11,7 5,32 27,17 17,19 16,19 13,8 12,6 6,31 
6,20 28,15 18,21 8,19 10,7 7,20 8,20 11,8 4,30 12,7 7,21 10,6 6,30 6,21 8,21 10,5 5,31 6,22 6,19 29,16 7,19 7,30 29,17 18,22 11,5 5,32 4,32 6,31 
17,20 6,19 28,17 5,30 8,21 10,6 6,32 8,20 10,7 17,19 6,31 11,6 11,7 29,15 5,31 6,20 27,15 7,21 18,21 6,30 7,22 28,16 12,8 29,17 9,6 12,6 18,20 12,9 4,32 29,16 5,21 5,32 
11,6 12,8 17,21 17,20 6,21 19,19 11,8 10,7 8,19 19,20 18,20 11,7 20,19 6,20 12,6 28,15 7,20 6,31 8,20 12,7 19,21 18,19 17,22 18,18 21,19 6,30 19,18 12,5 9,19 5,21 17,19 8,18 7,21 16,20 6,32 5,22 4,30 
18,19 19,20 28,16 12,8 6,31 8,20 4,30 7,21 27,17 11,7 6,21 7,32 29,16 6,30 6,20 27,16 29,17 26,15 11,8 5,32 5,31 10,8 10,6 11,6 8,19 10,9 6,32 12,7 19,18 30,16 7,19 18,21 7,22 
6,31 8,20 5,30 6,21 18,20 6,20 27,17 5,31 6,30 10,8 19,21 17,20 6,32 12,7 19,19 4,31 20,22 27,16 29,17 7,22 8,21 28,17 20,20 6,19 12,6 7,21 3,30 11,7 28,16 27,15 7,19 26,17 8,19 5,20 10,7 11,6 8,23 5,29 12,8 
29,16 10,8 4,30 18,21 29,15 28,14 17,19 3,30 18,20 12,8 28,15 10,6 28,16 27,16 11,7 18,19 19,20 13,8 10,7 26,17 5,30 11,6 8,20 26,16 5,31 27,17 
17,21 12,7 12,8 4,31 5,32 19,19 7,21 8,19 29,15 27,16 18,19 19,21 6,32 19,20 18,21 20,22 6,19 28,17 27,17 13,6 4,32 17,19 11,9 17,20 6,20 21,22 5,33 29,17 28,18 9,18 8,20 5,30 8,21 20,18 18,20 3,32 12,6 
27,15 29,15 29,16 27,16 10,8 26,16 11,7 6,30 4,30 11,6 10,5 17,21 7,20 17,20 19,21 6,31 17,19 7,19 28,14 6,20 19,20 10,6 29,17 27,17 5,30 18,19 4,32 8,19 4,31 30,14 7,21 5,32 10,7 12,6 18,20 26,17 12,8 5,33 9,7 19,18 26,14 18,21 9,5 
27,16 29,15 8,20 5,31 11,7 18,19 6,31 7,20 6,19 6,30 6,20 12,7 10,8 11,6 10,6 28,16 28,17 8,19 17,21 7,21 11,8 6,21 30,15 29,16 30,16 19,18 7,22 5,30 8,21 
29,16 27,16 29,15 4,32 18,21 6,32 5,30 18,19 4,31 18,20 19,19 10,8 7,20 27,17 8,19 30,16 19,20 8,21 6,19 17,21 4,30 7,19 11,6 6,31 6,30 28,17 31,15 10,6 8,20 7,18 7,21 17,19 9,9 5,31 12,6 19,21 
18,21 17,22 7,21 4,30 18,19 10,8 5,30 8,20 6,32 9,19 9,9 29,16 10,7 27,15 11,8 7,20 6,22 4,32 4,31 28,17 6,20 7,22 8,21 18,20 9,8 29,17 17,20 6,19 12,8 29,15 19,21 5,29 3,33 17,19 5,32 
27,17 6,21 17,19 18,20 10,7 8,19 29,16 10,6 12,8 6,31 30,15 11,9 8,21 7,20 19,19 17,20 20,19 28,16 12,7 27,18 18,19 8,18 6,30 4,32 5,30 7,19 29,17 8,20 19,20 29,15 11,7 7,30 18,21 6,20 7,29 16,19 7,32 
7,20 6,30 18,19 8,20 27,16 11,7 12,8 18,21 29,15 5,31 5,30 17,21 8,19 6,21 12,6 6,32 27,15 10,8 18,22 7,21 30,14 6,22 7,19 28,17 27,17 4,32 28,15 13,8 4,31 19,21 20,20 11,8 16,22 10,6 6,20 
4,30 12,6 10,6 8,20 29,17 8,19 6,30 7,19 7,21 7,20 6,32 6,19 5,19 12,5 9,18 8,21 10,7 9,20 29,15 7,33 7,34 5,32 6,18 6,31 4,33 6,21 18,19 10,8 28,15 9,5 17,21 7,31 5,20 5,30 9,7 18,20 17,19 5,21 8,22 
6,20 27,16 5,19 6,19 28,15 8,21 29,16 4,32 7,19 6,32 30,17 17,20 12,7 18,20 12,8 5,30 5,29 17,19 7,21 12,6 11,5 6,22 28,17 6,21 18,19 29,17 29,15 19,19 8,19 8,22 10,8 28,14 6,31 5,20 27,17 26,18 16,18 10,7 29,18 7,20 5,32 30,15 7,18 5,21 4,30 
17,21 18,21 4,30 27,17 6,19 29,15 6,30 7,21 18,20 16,21 29,16 30,15 6,31 5,30 27,15 7,19 4,32 11,8 11,6 28,14 19,19 28,16 28,13 4,31 6,32 8,21 6,20 30,14 17,19 
6,30 4,30 19,21 8,20 10,8 8,21 17,20 18,21 4,31 6,21 6,31 27,17 12,7 27,15 7,19 6,32 26,17 13,6 12,8 6,20 19,20 29,16 16,20 28,17 8,18 5,30 29,15 8,19 5,31 11,6 20,22 7,30 
4,32 6,21 5,21 5,31 11,6 17,21 12,6 7,21 6,30 4,31 4,30 5,30 10,7 27,15 17,20 6,31 19,20 29,16 19,19 29,15 7,22 12,8 18,21 9,8 27,16 6,32 5,20 18,19 29,17 3,31 30,18 7,32 18,20 5,29 10,6 5,33 28,16 13,8 6,19 7,20 5,32 30,15 13,7 16,20 11,7 
27,15 11,6 4,31 26,14 17,19 18,19 28,15 6,20 7,21 8,19 18,20 10,7 19,19 6,30 19,20 12,6 5,32 6,21 6,31 28,16 28,14 5,29 29,16 16,18 26,16 5,21 7,19 29,15 7,30 
11,8 29,17 6,21 5,22 11,7 5,31 12,8 11,6 10,6 28,16 18,21 29,15 12,6 5,21 7,20 6,30 6,31 6,20 7,19 8,21 10,8 10,7 12,9 5,32 28,17 8,20 12,7 17,20 29,18 16,19 4,30 12,5 8,19 4,32 29,16 17,21 18,19 13,8 
27,15 10,7 6,30 28,17 28,15 5,31 29,15 12,8 11,8 19,19 28,18 5,30 28,16 4,30 10,8 11,7 11,6 4,32 8,19 7,19 27,17 6,21 29,17 5,21 6,19 6,20 30,18 17,21 4,33 5,29 18,19 17,19 29,16 29,14 6,32 8,20 7,29 5,32 9,7 30,15 
18,21 6,31 28,15 12,8 27,15 12,7 10,6 17,19 11,8 5,31 12,6 18,19 19,19 17,21 6,19 11,6 11,7 8,20 27,14 5,30 6,20 18,20 27,17 29,14 9,7 26,16 7,21 4,32 28,14 10,7 29,17 4,33 29,16 10,5 10,8 28,17 17,20 8,21 6,21 4,31 9,8 5,21 
10,6 6,31 10,7 9,7 5,31 4,31 18,21 6,30 29,15 7,19 7,31 10,5 6,32 11,8 5,30 11,7 11,9 12,6 27,17 4,29 8,21 11,6 17,20 3,31 18,20 28,17 10,8 
29,15 7,19 8,19 4,32 12,6 6,32 6,21 28,16 8,20 18,20 4,30 19,21 18,22 7,20 28,17 11,8 6,31 7,30 5,31 10,7 27,16 12,7 17,19 11,7 4,31 5,20 3,31 
7,19 6,32 27,17 7,21 7,20 6,30 6,20 8,19 18,19 19,19 12,6 17,19 29,15 13,6 8,21 19,21 17,21 29,14 6,31 4,32 19,20 18,21 29,16 12,8 18,20 27,15 28,16 8,18 
5,32 12,7 4,32 5,33 28,17 29,16 19,20 18,21 6,30 6,31 5,31 10,7 12,8 4,30 3,31 6,20 6,32 17,19 8,21 28,16 7,20 20,20 29,17 27,16 8,19 12,6 28,15 6,33 
6,30 28,16 12,6 8,20 11,8 5,31 28,17 6,20 12,7 5,32 29,16 27,16 28,15 19,19 13,5 26,17 18,19 6,32 19,20 18,20 7,20 7,33 4,32 4,30 29,17 11,6 29,15 27,14 3,31 5,30 26,13 6,29 17,19 12,9 29,18 18,18 11,5 27,17 20,19 10,7 30,17 
4,31 6,32 6,20 27,17 6,33 7,21 4,32 7,20 28,16 17,20 12,8 10,6 11,6 12,7 11,8 8,20 19,21 28,18 5,30 7,31 10,8 18,21 19,22 9,21 19,20 4,30 12,6 6,19 17,21 5,31 6,21 
27,17 5,31 6,20 17,19 28,17 29,15 8,20 17,21 12,8 4,30 29,17 18,21 6,21 19,19 18,19 27,16 6,30 26,17 19,20 28,15 19,21 5,32 6,31 7,21 18,20 7,22 17,18 17,20 11,8 5,22 4,33 28,16 18,22 29,16 20,19 
6,21 12,6 27,15 5,32 10,6 6,30 6,32 12,7 7,20 11,7 12,8 18,19 17,19 7,19 11,6 4,30 13,5 5,31 5,30 8,21 11,8 4,32 17,20 6,20 3,31 28,16 8,19 11,5 6,19 5,20 18,21 7,22 27,16 11,9 9,18 17,21 6,18 4,31 10,7 18,20 
27,17 12,6 7,19 28,15 27,15 6,20 6,19 12,7 29,17 7,21 19,19 28,16 27,16 28,17 11,8 18,21 7,20 18,18 5,19 12,9 17,20 4,30 5,32 10,7 28,18 27,14 8,20 18,20 4,32 6,18 8,21 4,31 26,14 17,19 5,18 5,30 17,18 6,21 
29,17 17,20 6,31 17,19 16,19 7,21 10,7 11,6 8,19 18,20 28,16 8,21 19,20 12,7 6,32 28,17 7,33 10,6 28,15 7,19 7,31 8,20 18,21 7,20 29,15 9,18 7,18 6,19 11,7 13,8 6,20 11,8 4,31 10,8 16,20 
11,6 29,15 6,31 29,17 7,19 12,8 27,15 11,8 18,21 11,7 13,9 12,9 5,32 19,20 28,16 5,31 6,20 10,7 10,8 28,17 17,20 30,14 17,19 8,19 7,20 8,20 
8,21 12,7 18,20 10,6 7,20 6,20 7,21 19,21 28,16 12,8 28,15 7,19 18,19 6,21 17,21 13,7 29,16 8,20 18,21 5,31 17,19 19,20 4,30 11,6 4,32 27,15 11,7 
10,8 4,32 5,32 6,19 11,8 19,21 12,7 11,6 8,21 4,31 6,32 7,21 20,22 28,15 29,14 10,6 29,15 6,31 6,22 17,19 12,6 17,21 29,16 17,20 28,17 5,30 10,7 6,30 5,31 27,16 18,19 7,31 16,20 28,16 6,21 18,20 12,8 6,29 27,15 7,30 6,20 7,32 19,19 
12,7 4,30 11,8 5,31 4,32 10,6 27,15 27,16 18,20 29,17 4,31 12,6 5,32 8,21 19,21 28,15 29,18 17,20 18,21 28,16 8,20 19,20 7,19 12,8 29,16 11,7 6,30 5,30 3,33 6,29 9,22 5,29 6,31 6,19 27,17 28,18 11,6 19,19 28,17 20,20 18,19 17,21 7,30 
27,17 19,19 12,6 19,20 10,7 27,16 17,19 11,7 6,30 17,20 6,19 6,21 11,5 6,32 10,6 7,19 11,8 5,31 9,6 5,22 8,19 6,20 8,18 17,21 5,32 12,8 29,17 
17,21 6,32 7,19 12,7 4,30 11,6 19,20 11,8 18,19 5,32 5,30 12,8 19,21 10,8 18,21 4,31 27,16 28,16 5,31 6,21 4,33 8,18 13,7 9,8 11,9 6,20 8,21 27,15 19,22 5,29 12,6 12,9 7,20 19,19 3,30 6,19 
28,16 27,16 17,20 8,19 4,30 27,17 29,17 7,19 17,21 7,21 28,15 10,8 4,32 18,20 10,6 30,17 30,16 19,19 18,19 28,17 31,17 19,20 8,20 29,18 6,31 6,21 6,30 7,18 7,31 11,8 4,31 8,21 6,20 18,18 16,21 17,19 26,16 11,6 9,7 5,31 28,18 
11,8 19,20 6,32 6,31 27,15 8,19 8,21 18,19 7,20 10,9 5,30 17,21 4,30 6,30 27,16 7,30 18,20 17,19 6,21 11,6 6,33 5,20 7,19 8,18 17,20 12,7 12,6 8,20 16,19 20,19 29,15 5,31 26,16 18,18 12,8 7,21 4,31 27,17 9,19 6,19 19,19 17,18 6,20 28,15 18,21 
5,30 12,6 6,32 6,21 17,19 18,21 6,19 4,30 7,21 29,17 4,31 19,22 19,19 19,20 20,21 8,19 9,20 17,20 29,15 4,32 5,20 27,16 8,21 7,20 27,15 12,7 5,29 30,17 8,20 18,19 
28,16 4,30 17,19 12,7 29,16 10,8 12,6 5,31 8,20 18,21 11,8 4,31 6,21 6,19 17,21 29,15 8,19 16,18 6,18 29,17 12,8 7,21 9,20 19,21 11,7 7,20 8,21 6,32 27,15 9,21 7,18 11,6 8,22 10,7 10,6 19,20 28,17 6,30 27,17 28,15 9,7 16,22 18,19 28,18 6,31 
10,8 6,21 11,8 5,31 6,31 7,20 18,20 12,7 19,21 28,15 19,20 29,17 17,19 27,16 4,32 17,21 28,16 5,32 7,19 4,31 4,30 5,30 18,21 9,7 12,8 6,19 10,6 11,7 4,33 12,6 3,31 17,20 29,18 13,5 
8,19 19,21 10,7 6,31 11,8 6,30 29,15 7,21 6,20 7,20 6,21 10,6 19,19 18,20 11,6 28,16 5,31 19,20 12,8 11,7 6,19 28,17 13,7 17,19 4,32 16,20 27,17 30,14 17,20 20,21 27,16 6,32 7,30 8,18 29,17 28,18 10,9 17,21 
11,8 4,30 29,15 7,21 17,20 19,19 8,20 4,32 18,21 27,17 6,31 11,7 17,21 12,8 26,17 12,7 18,19 8,21 6,19 12,6 6,20 17,19 7,19 6,21 28,17 19,20 
29,15 7,19 10,6 19,20 7,21 27,15 4,32 17,20 11,5 27,16 11,7 12,7 5,30 6,31 6,20 8,21 12,6 6,32 9,7 13,6 18,20 28,17 4,31 6,30 28,14 12,8 27,17 10,8 7,20 28,16 18,19 28,15 8,19 9,22 8,20 5,32 9,21 
19,19 27,16 10,8 11,8 28,16 28,15 11,7 11,6 27,15 18,19 12,6 4,30 12,7 18,20 12,8 6,32 26,14 17,20 18,21 19,21 29,15 10,7 13,6 6,20 5,30 8,21 6,19 11,5 29,16 16,21 4,32 17,21 6,31 6,33 7,32 7,30 5,31 7,31 25,13 13,8 
18,20 6,20 27,16 28,16 17,20 10,8 5,30 8,19 11,7 7,20 28,15 5,32 8,20 7,19 29,15 7,21 6,19 9,19 12,6 27,17 4,30 30,15 19,19 12,7 9,20 10,6 28,17 8,21 17,21 18,19 19,20 16,22 
27,17 6,30 18,19 10,6 17,21 7,19 7,18 6,31 17,19 19,20 6,18 19,21 7,20 10,7 6,20 18,21 8,20 8,19 19,19 29,17 12,7 7,21 6,21 20,19 6,32 28,17 5,30 19,18 29,18 6,19 29,16 4,31 7,22 18,20 4,30 10,8 4,32 
4,31 8,19 10,6 29,17 5,30 27,17 4,32 18,19 11,7 8,21 12,6 12,7 6,20 6,21 11,6 5,31 12,5 19,20 10,7 12,8 7,20 9,19 17,19 7,19 11,8 28,16 13,6 13,5 7,21 
5,30 27,17 6,30 10,6 12,8 28,17 19,21 6,31 28,16 17,19 11,8 11,7 7,21 4,31 18,19 17,18 5,32 8,21 18,20 6,32 7,30 6,22 12,7 8,22 6,19 3,32 9,22 12,6 27,15 4,30 17,21 7,20 11,9 19,20 11,6 17,22 7,19 
29,15 27,15 6,31 17,21 7,19 5,31 7,21 17,20 16,21 6,21 16,20 5,32 19,21 8,21 6,20 27,17 17,19 11,8 6,32 7,31 7,22 8,19 7,20 6,30 27,14 5,20 6,29 19,19 18,19 5,33 12,6 29,16 18,20 12,7 10,7 27,16 12,8 5,30 7,29 8,20 11,6 19,18 7,33 28,16 28,17 
29,15 27,17 12,7 7,21 17,19 28,17 18,21 30,14 8,20 12,8 11,8 8,19 5,30 6,31 17,21 28,16 26,16 19,21 6,32 6,30 11,6 29,17 7,20 18,19 11,7 17,22 19,22 30,16 8,21 19,20 13,7 17,20 16,18 
11,7 27,15 17,21 29,16 19,19 18,20 19,20 6,19 6,20 11,8 29,15 7,21 10,8 16,20 27,16 10,7 28,16 11,6 4,30 6,30 8,21 19,18 6,21 30,15 4,32 18,19 5,31 8,19 15,20 18,21 9,6 10,6 9,9 29,17 
11,8 19,20 5,32 6,21 12,9 6,31 6,20 27,17 5,30 17,19 7,21 7,20 8,21 12,7 18,20 19,19 29,16 28,15 11,7 29,15 29,17 28,17 6,19 10,6 6,29 11,6 4,31 
8,21 6,30 27,16 10,8 12,7 4,31 27,15 6,20 7,20 11,7 17,19 17,21 6,19 29,15 28,17 6,18 19,19 10,6 5,31 18,18 5,30 28,14 7,19 12,8 7,21 28,16 17,18 6,32 8,20 18,20 5,20 10,7 6,31 6,21 7,31 5,29 9,7 
4,32 29,17 29,16 7,21 19,19 28,17 11,8 28,16 5,32 27,17 27,16 8,19 11,7 29,15 12,6 3,32 9,20 6,32 5,30 18,20 6,20 6,31 10,8 20,18 6,30 13,7 12,8 27,15 8,21 8,18 12,7 19,21 10,20 3,33 6,21 
29,16 12,8 4,31 17,20 19,20 6,30 27,17 30,16 27,16 11,8 6,31 17,21 19,21 4,30 20,21 29,15 6,32 19,19 11,9 11,6 16,20 7,21 4,32 8,19 28,17 28,14 6,20 7,18 
4,31 12,7 8,20 12,6 17,19 8,19 5,32 5,31 18,19 28,16 5,33 29,16 27,16 6,31 6,20 17,20 11,7 7,19 7,20 18,20 6,19 4,30 6,32 6,18 4,32 11,6 18,21 5,30 7,18 6,21 19,20 28,17 10,7 3,33 28,15 
19,19 7,20 6,30 28,15 10,6 10,7 7,29 6,21 8,20 6,31 12,7 5,32 9,7 6,32 12,6 27,17 27,16 28,17 17,19 8,21 10,8 4,31 8,19 29,16 11,6 18,21 29,17 3,32 9,18 19,20 4,32 6,19 18,19 5,31 19,21 29,15 3,31 7,19 9,6 5,19 
7,19 11,6 10,7 6,19 11,8 28,15 10,8 8,19 29,15 6,30 18,19 11,7 27,15 29,16 28,14 6,21 5,32 5,29 30,14 17,19 5,31 8,20 5,33 9,8 6,32 29,14 9,9 5,30 17,20 7,21 
6,21 19,21 28,16 27,17 11,6 17,20 12,8 27,15 18,21 4,32 28,15 19,20 7,19 10,8 10,7 28,17 12,7 4,30 4,31 3,30 11,8 5,31 7,20 5,30 18,20 6,31 11,7 26,15 8,18 4,33 20,19 12,6 17,21 
17,21 27,16 28,15 12,7 16,20 10,8 5,30 18,20 6,21 6,20 12,8 29,15 4,31 7,20 19,20 11,8 5,31 18,21 7,21 5,32 12,6 28,17 4,32 11,7 7,19 6,30 20,21 7,22 12,9 10,7 6,22 19,21 4,30 
19,21 17,19 8,21 4,31 28,15 3,31 29,15 19,19 10,8 16,18 6,20 20,18 12,7 9,8 8,19 10,7 7,19 29,17 18,19 11,6 6,19 12,6 13,6 7,21 6,21 28,17 28,16 13,8 8,18 5,30 13,9 28,14 7,20 
8,20 7,21 11,6 29,15 11,8 12,8 6,32 17,21 19,19 16,22 28,15 28,17 17,22 6,21 6,30 6,20 5,32 18,21 5,30 12,7 27,15 19,21 8,21 10,8 7,20 
27,16 6,30 17,19 19,20 18,19 28,16 27,17 8,20 7,21 10,8 12,6 11,6 8,19 11,8 5,32 7,18 6,18 12,8 6,31 18,21 11,7 10,7 28,15 6,21 27,14 7,20 
28,17 4,31 5,32 8,20 18,21 6,30 11,7 17,20 7,19 27,15 27,16 6,31 18,19 6,18 29,15 19,21 4,30 29,16 16,21 6,19 6,29 26,16 8,19 8,21 10,8 28,16 18,18 7,20 11,8 12,8 28,15 5,18 6,20 
27,15 18,20 5,32 17,19 10,6 27,17 18,21 4,30 28,16 19,21 18,19 11,6 12,7 29,15 7,21 11,8 6,21 19,19 8,20 28,15 8,21 29,17 28,14 5,31 27,16 12,5 9,7 12,4 4,33 29,14 8,22 6,20 19,20 8,19 18,18 13,7 
27,15 6,32 28,16 18,19 12,7 4,32 7,20 8,19 8,20 18,21 17,21 17,20 19,21 27,16 5,32 6,31 10,7 10,8 8,21 29,17 7,21 7,18 8,22 10,9 19,19 6,33 28,15 20,20 11,8 5,31 7,19 12,6 5,30 11,6 9,19 9,7 6,30 28,17 9,20 7,22 16,21 27,17 9,23 
6,20 5,20 29,16 28,17 29,15 8,19 6,32 12,6 6,21 5,30 29,17 19,20 19,21 4,30 19,22 27,16 10,7 18,20 17,21 10,6 7,20 6,31 7,19 28,15 18,22 27,15 30,17 17,20 5,22 5,21 4,31 11,7 5,31 20,21 7,32 6,19 27,17 8,20 3,29 
19,20 17,19 5,31 8,20 10,6 18,19 18,18 10,7 29,15 6,30 11,6 27,16 6,21 6,20 16,18 17,21 12,6 5,30 17,18 6,19 10,8 5,29 6,31 28,16 27,15 12,7 29,17 4,29 
27,16 4,32 29,17 7,21 28,17 4,30 28,15 5,31 6,32 7,20 6,19 5,32 19,21 18,19 6,33 27,17 10,7 11,7 7,19 27,15 6,30 6,20 17,19 18,20 16,19 12,8 30,16 11,8 28,16 12,7 19,20 5,30 9,7 19,18 16,20 5,19 10,8 13,7 16,18 6,31 11,6 11,9 8,21 17,21 
5,30 17,21 12,6 7,21 6,31 10,8 6,20 11,7 4,31 8,19 8,21 28,15 8,20 4,29 10,6 5,21 9,22 7,19 5,32 4,30 28,16 28,17 8,18 11,8 12,8 6,22 19,19 27,15 18,21 11,6 27,16 5,31 29,15 17,20 18,20 12,7 27,17 7,18 28,14 9,19 28,18 11,9 
17,19 7,19 29,17 8,21 8,19 7,20 6,19 11,8 6,20 12,6 19,20 12,8 5,32 19,21 5,19 29,15 11,7 9,21 29,16 18,21 4,31 17,20 27,16 11,9 18,18 10,6 10,8 5,31 18,19 26,15 7,18 19,19 13,5 28,16 
27,16 27,17 19,19 7,20 29,16 7,21 12,6 19,21 4,32 4,31 17,20 12,7 28,15 19,20 5,32 4,30 28,17 16,20 10,8 8,20 17,19 18,20 26,16 6,33 16,19 12,8 
29,17 6,21 4,31 5,31 18,21 11,6 12,7 4,32 17,21 4,30 28,17 19,20 12,8 16,22 6,20 11,8 11,7 6,30 27,16 7,20 12,5 10,6 18,19 19,19 9,6 13,7 
5,31 19,19 28,17 27,15 12,8 29,16 12,7 5,32 17,21 29,15 28,15 6,30 6,31 19,20 29,18 8,20 7,29 29,17 9,20 18,20 4,31 19,18 10,7 6,19 18,21 18,19 6,21 20,19 4,32 7,32 28,16 5,33 19,21 27,14 17,18 6,20 27,18 
6,32 4,30 10,6 29,15 19,19 10,7 17,21 28,15 12,6 6,21 28,17 19,21 5,31 8,21 28,16 5,33 27,16 5,30 12,7 4,31 7,20 19,20 18,19 10,8 11,6 6,31 27,17 
6,30 6,21 6,31 29,15 7,29 8,19 28,15 18,19 7,19 10,8 12,6 28,14 29,16 12,7 4,32 7,20 19,18 5,30 5,31 7,30 6,29 6,32 11,6 6,28 5,32 
8,20 6,30 10,7 19,21 7,31 29,15 7,30 10,8 18,21 11,8 8,21 5,30 11,7 8,32 19,19 18,20 9,8 17,19 4,32 4,30 28,17 7,21 7,20 5,31 17,20 12,8 18,19 27,16 17,21 7,19 6,31 12,7 4,31 26,17 11,6 12,6 29,17 28,16 13,9 11,9 9,7 
11,8 7,19 27,15 12,8 29,15 11,9 10,6 10,8 5,30 27,17 8,19 19,21 20,22 18,21 6,19 19,19 17,20 6,21 27,16 7,20 6,30 4,31 27,14 4,30 28,17 4,32 18,20 
11,6 4,32 29,15 7,20 27,16 10,7 27,17 6,31 8,19 17,20 7,19 10,8 29,16 27,15 17,21 4,30 18,19 19,19 11,7 19,18 12,6 7,18 6,21 28,16 5,31 28,17 10,6 6,30 19,20 6,19 16,19 11,8 29,17 20,20 18,20 7,21 
19,20 11,7 6,19 20,19 7,19 4,30 18,19 8,19 18,20 18,21 20,21 5,30 4,32 9,19 28,17 6,30 29,15 6,31 7,31 8,20 19,19 17,19 7,21 19,21 27,17 10,8 6,29 6,32 17,21 9,8 12,7 6,21 18,18 7,20 6,20 19,18 27,18 7,29 28,15 20,22 19,17 9,18 5,31 
29,16 5,31 19,21 18,19 6,30 6,31 11,7 17,19 4,32 16,20 6,20 27,16 11,6 8,19 6,32 3,32 7,19 7,21 28,15 7,32 4,30 3,30 27,15 18,20 6,19 19,20 12,6 27,17 19,19 17,20 17,18 7,20 
10,8 6,19 18,21 10,7 6,20 8,19 29,15 27,15 5,18 10,6 11,8 29,17 29,16 30,16 5,19 26,14 7,20 8,20 4,30 28,16 27,17 11,5 5,31 12,6 12,8 6,21 28,17 4,31 30,15 17,21 6,31 4,32 
17,19 10,6 8,20 10,7 29,15 29,16 17,21 11,7 4,31 11,8 18,21 6,30 30,17 6,31 11,6 18,20 30,16 12,6 28,16 29,17 27,17 27,15 16,18 6,32 28,15 10,8 5,30 3,30 8,19 27,16 19,19 4,32 28,17 17,20 7,32 6,33 18,19 6,20 29,18 
4,32 6,20 18,19 4,30 5,31 17,21 6,32 29,15 7,21 17,19 8,19 6,19 6,30 28,15 5,30 28,16 16,20 6,21 6,31 10,7 4,31 12,8 7,18 17,22 29,16 7,29 7,30 3,32 27,15 18,21 7,20 6,22 27,17 5,32 6,33 29,17 5,19 5,29 8,30 
7,19 11,7 7,20 18,20 27,17 12,6 6,30 13,5 12,7 12,8 18,19 10,6 8,20 27,16 6,20 11,6 5,31 28,16 8,19 6,19 10,5 6,18 6,21 5,30 7,21 10,7 17,21 
12,6 27,16 19,20 6,30 7,21 11,8 27,17 29,17 7,19 8,21 7,20 11,7 18,21 12,8 8,19 10,7 17,20 10,6 9,8 19,22 11,6 6,32 19,19 27,18 11,9 19,18 13,7 5,30 12,7 6,31 5,29 17,21 29,15 4,32 6,20 10,9 6,21 9,6 5,31 26,18 
4,31 5,31 18,21 18,19 7,19 7,20 29,17 17,21 3,32 5,32 8,20 11,8 19,20 5,30 6,21 4,32 18,22 6,31 29,16 6,19 4,33 11,9 9,19 10,6 30,16 28,17 27,17 28,15 17,18 27,16 5,33 31,16 8,21 10,8 17,20 18,20 11,7 28,16 17,22 5,29 7,21 5,21 
6,30 7,19 18,21 6,31 10,6 5,30 4,31 17,19 7,21 4,29 10,8 29,17 18,19 29,16 8,21 10,7 6,19 6,29 11,8 5,19 9,8 27,16 7,30 11,7 18,20 9,22 5,32 27,17 5,31 18,18 11,6 4,32 12,6 12,7 29,15 7,31 5,18 19,21 8,20 28,16 12,8 27,15 6,32 6,21 28,17 
19,21 19,20 8,20 11,6 28,15 17,19 6,21 6,31 6,20 7,21 10,6 20,21 5,19 27,16 27,15 18,19 8,21 5,31 5,30 26,15 28,16 5,32 10,7 18,21 11,8 10,8 4,30 11,7 11,5 29,15 9,22 6,32 28,17 6,30 4,32 3,33 19,19 27,17 12,8 7,20 29,14 29,17 6,19 4,31 
7,20 19,19 17,20 19,20 29,16 28,15 6,19 18,21 18,20 12,6 16,21 11,5 5,32 8,20 7,19 28,16 7,21 5,31 29,15 5,30 12,7 12,8 10,8 28,17 6,32 6,21 4,31 6,22 11,8 17,19 8,19 11,9 18,22 29,17 27,17 17,21 18,19 16,20 30,18 8,21 15,20 30,16 28,14 9,22 10,7 
11,6 8,21 19,21 5,32 4,31 19,20 11,8 28,17 28,15 12,7 29,17 17,21 6,19 12,5 4,32 28,16 27,17 29,15 10,6 18,19 5,30 29,16 19,19 6,29 3,33 6,32 12,9 11,7 17,19 7,21 5,20 5,19 5,29 8,19 17,22 28,14 
6,21 4,32 19,21 18,21 17,21 5,32 12,7 11,8 5,30 6,31 27,15 17,20 28,17 10,7 17,19 7,21 4,31 4,30 6,30 8,20 28,15 29,15 7,20 30,15 19,19 10,6 7,19 8,21 16,20 6,20 6,19 5,31 
18,21 12,8 17,19 29,17 13,7 7,20 12,6 10,8 6,30 11,7 18,20 19,20 6,21 6,32 27,16 30,18 18,19 4,32 10,7 29,16 7,31 6,20 5,21 12,7 18,18 16,18 5,19 4,31 8,21 28,15 11,8 13,8 17,21 5,30 19,22 4,30 28,16 30,17 27,17 5,32 5,31 28,17 8,20 17,20 8,19 
6,20 28,15 11,8 10,7 7,19 28,17 6,19 4,31 18,19 5,32 5,31 6,32 27,17 6,30 27,16 3,31 17,20 12,6 7,29 3,32 11,6 5,30 4,32 11,7 7,21 5,33 29,17 6,22 28,18 18,21 10,6 3,30 19,20 8,22 6,31 18,22 
28,15 19,19 10,7 8,20 17,20 4,32 4,31 18,21 27,15 5,32 10,8 5,31 7,21 17,19 6,19 27,17 5,30 7,20 6,21 10,6 28,14 8,19 5,21 11,7 5,18 19,22 8,21 18,22 17,21 12,6 9,8 
18,19 27,17 12,7 18,21 6,31 17,20 6,20 19,19 8,19 27,15 19,20 5,31 20,20 17,21 6,19 12,6 6,21 16,20 4,30 19,21 28,15 28,16 4,32 11,8 5,30 11,7 28,17 7,19 6,32 7,21 5,32 5,19 7,31 10,8 6,30 26,14 9,9 5,20 5,18 29,15 
4,31 8,20 8,21 12,7 6,31 7,20 5,31 27,17 5,32 11,7 6,32 28,16 6,21 6,19 10,6 19,21 8,19 12,8 18,19 6,30 5,19 4,32 19,20 10,8 29,16 4,30 26,18 27,16 27,19 19,19 12,6 20,20 5,30 5,20 29,17 7,19 18,18 13,9 13,6 
7,20 8,21 28,17 29,17 7,19 12,8 18,21 5,32 11,6 5,30 4,33 19,19 6,20 11,7 10,6 20,20 28,16 12,6 6,21 29,18 4,32 18,19 10,7 12,9 4,30 29,16 13,7 8,20 4,31 17,19 7,22 6,18 28,18 27,16 20,18 
12,7 29,17 4,31 10,7 4,32 11,7 18,19 6,20 6,21 11,8 8,20 10,9 19,20 17,20 9,7 18,20 5,21 16,20 7,20 18,21 4,30 6,30 12,8 10,8 6,31 27,16 7,19 19,19 12,9 11,6 29,16 27,15 3,33 6,32 19,21 3,30 28,17 5,20 5,32 8,21 13,8 27,17 5,31 13,6 
11,6 28,17 7,19 5,32 6,19 8,21 12,6 5,33 27,17 18,19 28,16 10,6 6,31 4,30 18,20 19,21 17,19 27,15 11,5 19,20 9,21 17,20 29,17 17,18 9,20 6,20 29,15 12,7 13,7 27,16 
11,6 7,19 28,15 28,16 28,17 5,30 18,20 6,21 19,20 19,21 29,17 27,15 10,6 6,30 7,20 4,30 8,19 18,19 26,14 12,7 11,5 10,5 11,7 28,18 27,17 6,19 12,6 10,7 
28,15 8,20 17,20 6,32 19,21 8,21 5,32 29,14 28,16 18,22 12,8 9,21 28,17 4,31 6,20 5,31 6,19 6,31 27,16 27,15 5,20 26,15 18,19 29,17 8,19 12,6 18,21 10,8 10,6 6,33 19,19 29,16 11,8 20,21 17,21 11,6 18,20 11,9 11,10 5,30 27,17 30,18 
12,8 4,32 7,20 29,15 7,21 4,30 12,6 7,19 29,16 5,33 10,6 6,19 12,7 8,21 13,8 10,8 6,21 8,20 5,22 27,15 12,9 10,7 30,17 13,9 11,8 13,7 18,19 5,29 27,17 13,6 19,21 10,9 11,7 26,16 28,16 
5,30 27,16 7,19 12,7 5,31 5,32 6,30 6,32 17,19 19,21 10,7 29,17 27,15 29,16 4,31 6,19 27,17 18,21 8,19 7,20 30,17 17,21 7,21 28,15 4,30 6,31 13,7 30,16 5,20 8,20 19,19 
19,19 6,30 19,21 6,32 6,33 28,15 4,32 11,6 17,21 10,6 10,8 9,9 29,16 11,8 18,18 11,7 9,7 6,21 18,21 5,33 6,31 4,30 6,20 11,9 9,8 6,19 17,20 5,19 12,8 5,31 27,15 20,20 28,16 4,31 
6,32 29,16 8,19 6,33 11,7 8,20 17,20 6,31 29,15 18,21 4,31 10,6 17,19 4,30 6,20 12,8 8,21 12,6 6,21 7,21 4,32 10,7 19,21 9,7 8,22 6,30 6,19 28,17 7,22 7,20 3,33 27,15 4,29 30,17 
12,6 28,16 6,19 27,16 27,17 11,5 7,19 28,17 11,6 7,20 28,15 5,18 19,20 8,19 26,18 12,7 12,5 13,5 29,17 7,21 8,20 10,5 29,16 10,8 6,20 6,30 5,31 6,21 12,8 11,7 18,19 18,21 10,7 27,15 8,18 13,6 4,17 
6,32 11,7 11,8 27,16 12,8 12,6 17,21 5,32 13,5 27,17 8,21 29,17 7,20 10,7 16,20 5,31 18,21 10,6 27,15 4,32 19,21 11,9 12,7 19,19 29,16 6,21 5,30 27,14 5,20 9,7 17,20 28,16 28,17 10,8 8,19 9,8 6,31 9,19 6,30 7,18 11,6 18,22 28,15 18,19 
17,19 29,17 27,15 10,8 5,31 6,19 12,7 6,21 27,17 28,16 17,20 8,19 4,32 7,21 5,32 18,21 27,16 8,21 10,7 18,20 6,20 6,31 29,16 18,19 7,19 11,6 3,32 4,33 29,18 28,17 10,6 16,19 19,21 19,19 8,20 7,22 26,17 8,23 11,5 7,18 20,19 6,18 30,17 
4,30 7,19 6,31 4,31 11,7 17,21 6,21 27,16 10,7 6,20 11,8 29,16 7,20 5,30 8,20 27,17 8,21 29,15 12,8 3,30 4,29 3,31 29,17 26,18 11,9 6,30 4,32 6,32 5,31 6,19 28,17 7,31 17,19 5,32 4,33 5,21 28,15 5,34 30,16 9,7 28,16 
7,20 28,15 18,19 6,30 10,7 18,20 12,8 6,31 27,15 27,14 8,20 17,21 11,6 8,21 17,19 11,5 11,7 6,19 8,19 17,20 16,20 8,18 16,19 12,6 10,6 7,21 5,30 6,20 15,20 18,21 4,29 5,20 4,32 27,17 5,21 
6,21 7,19 12,8 28,15 4,32 18,21 11,7 19,21 6,20 4,31 6,19 8,21 27,16 12,6 18,20 3,33 6,30 8,20 10,7 4,30 5,30 29,17 29,18 5,21 29,15 12,7 9,20 17,20 7,20 10,6 29,14 4,29 28,17 5,33 
11,7 5,32 7,21 17,19 29,16 27,15 11,8 28,17 4,32 6,32 6,30 11,6 11,9 10,8 6,20 12,5 28,15 17,20 18,21 29,17 19,19 7,20 10,6 5,20 7,19 3,31 12,8 5,30 3,33 28,16 28,18 12,7 5,33 30,16 8,19 10,7 6,21 8,21 8,20 19,20 13,7 4,30 
11,7 6,30 10,7 10,6 6,32 19,20 18,20 8,20 12,7 19,19 29,16 7,20 11,6 28,17 20,20 12,6 29,17 7,21 4,32 19,18 4,31 6,31 9,5 5,33 27,17 18,21 11,8 18,22 17,21 5,30 8,19 17,20 5,31 12,8 7,22 6,29 18,19 7,31 7,19 7,30 9,20 10,8 
19,20 12,8 11,6 27,17 8,19 6,31 4,31 18,20 28,16 19,21 5,30 18,21 5,32 26,16 3,31 6,30 6,21 29,17 17,21 20,22 18,19 17,20 6,19 7,20 6,32 11,8 7,21 27,16 27,15 6,20 26,17 12,6 
6,21 18,21 27,16 8,21 5,31 10,8 8,19 29,17 4,31 11,6 11,7 28,17 12,7 8,20 28,15 27,15 26,17 29,16 30,16 9,19 7,20 28,16 12,8 6,20 29,15 27,17 9,21 26,15 9,9 29,14 10,7 26,18 26,16 6,32 6,19 27,14 8,22 12,6 4,32 5,30 9,7 30,15 9,8 10,6 
17,21 8,19 5,30 27,17 12,7 7,21 7,20 8,21 6,32 5,31 4,32 18,21 5,32 9,19 6,31 19,20 6,30 11,7 6,29 8,20 18,20 12,8 10,8 29,17 6,19 6,21 
11,6 27,17 11,5 19,21 12,6 28,17 7,20 29,17 11,7 6,32 28,16 8,19 4,31 12,8 18,19 7,19 11,8 4,30 5,31 6,20 27,15 19,19 10,5 6,19 12,7 13,5 29,16 20,20 5,30 8,21 8,20 5,32 29,15 6,30 10,7 13,7 27,16 28,18 17,20 7,21 
17,21 5,31 8,21 10,6 27,15 4,31 7,19 17,20 12,7 6,31 27,16 5,32 16,21 7,20 8,19 29,16 19,19 5,30 6,30 11,8 18,20 12,8 29,15 17,22 8,20 30,16 7,21 6,32 11,5 28,16 6,19 7,31 9,18 16,19 6,21 11,7 5,33 5,29 28,15 4,29 6,33 
7,21 4,30 29,16 28,17 8,19 10,7 17,19 6,19 11,8 27,17 6,20 16,20 28,15 29,15 12,8 11,9 10,8 6,32 7,22 9,6 5,32 5,30 8,21 18,20 7,20 18,19 16,19 28,18 12,9 18,21 8,20 6,31 28,16 9,21 19,19 6,30 19,18 6,29 27,16 29,14 30,15 29,17 19,20 
7,20 6,32 29,15 11,7 11,6 5,32 6,31 12,7 8,21 17,20 27,15 27,16 18,20 27,17 4,30 17,19 6,20 11,8 10,9 18,19 10,8 27,14 17,21 6,30 7,30 7,31 7,19 5,19 7,32 6,19 10,7 28,16 4,32 7,18 10,6 28,17 12,8 8,19 16,20 5,30 6,21 
6,30 28,15 27,17 26,16 7,21 19,20 7,20 6,31 12,8 29,15 18,19 11,8 5,32 6,19 11,7 5,31 10,7 26,17 7,29 8,20 19,21 19,19 4,32 7,19 8,19 17,19 12,6 20,22 11,6 4,30 6,21 19,22 12,7 30,16 17,21 17,20 18,21 3,33 
19,20 7,19 6,32 4,30 29,17 11,6 12,8 18,21 11,7 6,21 17,20 7,31 28,17 6,31 18,20 7,20 7,21 17,21 4,32 5,30 4,31 11,9 12,7 13,6 17,19 19,19 30,18 20,20 27,17 6,19 
12,7 4,30 7,20 5,32 28,16 10,8 29,17 19,20 18,20 7,19 11,8 18,19 10,7 6,32 29,16 8,21 6,20 4,31 6,21 6,31 13,8 28,17 6,19 19,19 7,31 5,30 27,17 27,16 6,30 8,18 
19,19 6,32 29,15 29,17 10,7 11,6 4,32 5,31 18,20 4,31 10,6 6,31 8,21 19,21 8,22 17,21 9,8 28,17 7,21 6,20 11,8 5,32 12,7 6,30 11,7 3,31 18,19 
8,21 6,31 18,19 12,7 8,19 27,15 29,17 17,19 26,14 6,20 8,20 6,32 4,30 27,17 11,8 5,19 10,7 18,20 28,15 5,32 6,30 18,21 9,19 9,21 11,7 5,30 11,6 5,29 19,20 19,19 6,21 16,19 6,19 6,33 13,6 19,22 7,21 17,18 17,21 12,8 20,20 4,20 
27,15 8,21 5,31 28,16 7,21 8,20 6,19 10,7 10,8 17,20 5,18 6,21 4,30 3,30 6,20 17,21 6,32 9,8 6,30 18,21 12,7 10,6 7,20 18,20 12,8 4,32 27,17 5,32 5,30 28,15 18,19 7,19 12,6 19,21 
12,8 29,16 5,32 28,17 4,30 5,30 5,29 8,19 4,32 17,21 6,31 27,15 12,7 28,15 6,20 7,30 6,33 18,21 6,32 5,31 26,15 26,14 8,20 10,7 8,29 
29,16 7,20 28,15 29,15 5,32 6,21 6,30 10,7 19,20 6,31 27,16 12,7 7,21 11,8 18,21 18,19 17,19 28,16 19,19 4,30 10,8 18,20 17,20 27,17 8,19 19,21 8,21 9,8 18,18 27,15 4,32 20,21 6,32 17,18 12,8 
12,8 11,8 27,15 18,21 28,15 6,31 19,20 26,16 28,17 18,19 19,21 28,16 17,20 18,20 29,17 4,31 11,7 7,19 27,16 5,32 29,15 10,6 17,21 10,8 28,18 8,20 19,19 11,6 7,21 29,18 12,7 11,9 29,16 16,21 9,7 6,22 7,20 8,21 
6,32 27,15 28,15 19,19 7,19 6,31 8,20 17,19 27,16 28,16 8,19 9,18 5,30 7,21 7,20 18,21 29,15 11,8 29,16 30,16 6,21 6,19 6,29 4,31 6,18 30,17 5,21 5,22 
5,32 8,21 6,19 11,6 12,8 19,19 6,21 27,17 17,21 11,7 29,15 13,7 7,22 28,16 6,20 5,31 17,19 6,32 12,9 10,6 7,19 27,15 12,7 28,15 8,20 13,6 26,18 6,31 18,20 26,16 4,32 30,14 6,30 6,18 29,16 29,17 3,31 13,9 10,8 29,14 30,16 7,21 8,22 
6,31 12,7 17,20 17,19 8,19 6,21 16,20 17,21 6,32 4,32 27,17 4,31 27,16 29,17 11,8 6,30 29,16 5,32 7,20 28,16 12,8 8,20 5,30 7,21 10,6 5,33 4,30 18,20 18,21 26,17 8,21 19,20 6,29 11,7 4,29 6,33 19,21 6,20 28,17 28,18 
28,16 5,32 10,6 4,30 6,31 12,6 7,21 11,6 28,15 7,20 17,20 29,15 27,17 27,15 10,8 6,30 6,21 4,31 7,31 19,19 8,20 5,30 29,17 12,7 3,31 17,19 11,7 12,5 7,30 8,19 5,31 10,7 6,32 11,8 10,9 6,29 11,9 18,21 5,20 26,16 19,20 6,20 8,31 
27,16 18,19 28,17 19,20 29,17 19,21 27,17 18,21 6,31 28,16 18,20 11,8 19,19 6,19 12,6 5,31 7,20 29,15 20,22 6,20 12,7 28,15 11,6 10,7 20,19 13,8 11,7 26,16 29,16 4,32 5,30 
11,8 18,19 28,15 12,7 27,17 18,21 5,30 6,30 5,31 12,8 29,17 5,32 10,8 6,31 4,32 27,15 18,20 17,18 30,17 7,30 6,33 27,16 17,19 28,16 4,29 4,30 5,29 6,19 
18,21 11,6 8,20 17,21 19,20 28,17 8,19 18,19 28,16 6,19 9,20 11,7 29,16 18,20 17,20 5,32 7,19 12,6 4,31 6,20 6,30 28,18 12,8 6,32 27,17 20,20 7,20 4,32 6,21 11,8 6,31 13,9 7,21 29,15 13,6 
7,19 6,20 7,20 8,21 4,31 12,7 6,21 7,21 6,30 5,20 29,16 5,21 18,21 11,7 5,31 10,8 5,30 11,8 18,20 6,29 10,7 28,17 12,8 13,6 28,16 9,22 17,19 13,8 4,29 11,6 
6,21 17,21 7,21 10,8 27,17 11,6 5,22 6,31 29,17 7,20 10,6 19,19 4,30 6,20 7,19 17,20 6,32 12,7 12,6 29,16 4,29 9,7 18,21 28,16 19,21 28,15 10,7 17,22 6,19 26,17 8,19 27,16 12,8 4,31 11,9 
29,16 12,7 10,8 8,21 10,7 5,31 28,17 4,31 28,16 4,32 29,15 6,30 4,33 11,8 6,29 18,21 19,21 27,17 18,20 27,15 12,8 6,20 11,7 30,15 19,20 12,6 8,22 28,15 3,32 5,29 27,16 17,20 17,19 18,19 7,19 10,9 6,31 19,19 16,21 28,14 7,22 4,30 5,30 4,29 10,6 
11,7 6,21 28,17 12,7 5,22 6,20 10,7 19,20 29,17 11,8 29,16 8,20 27,16 12,6 9,19 7,19 27,17 12,8 28,16 29,15 30,17 30,16 19,19 8,21 18,21 30,14 
18,20 17,19 11,6 29,17 6,20 6,30 17,20 7,21 8,21 16,19 7,19 6,21 29,15 28,15 18,18 9,21 7,29 7,20 27,15 5,19 12,7 6,19 18,19 7,22 27,16 10,8 11,8 28,17 19,20 5,31 27,17 
28,15 7,21 17,20 10,7 6,30 11,6 10,6 5,30 19,21 8,20 6,32 12,6 28,16 6,31 7,32 28,17 17,21 7,20 27,16 5,32 29,16 6,21 18,22 7,30 7,33 12,8 18,20 18,21 29,17 29,15 11,7 5,31 8,21 9,8 27,15 19,19 27,17 7,19 
28,16 27,16 29,15 8,19 7,20 6,32 19,19 27,15 5,30 30,16 28,15 4,32 4,30 6,20 5,31 27,17 7,21 19,20 29,14 8,20 10,8 18,19 9,20 7,33 6,30 26,14 6,22 
11,8 5,31 29,15 8,19 8,21 7,21 8,20 29,17 27,17 28,15 6,32 28,16 7,20 5,30 10,8 18,19 26,18 12,8 9,19 8,18 28,14 12,6 9,9 4,30 30,15 10,6 5,29 4,29 18,21 19,20 6,19 5,32 17,19 27,13 4,32 27,16 10,7 9,20 
11,8 6,20 11,6 28,15 10,6 6,32 4,31 8,21 10,7 18,21 5,32 12,7 19,21 12,8 4,30 8,20 29,16 18,20 12,6 29,15 11,7 6,19 5,30 10,9 5,18 5,31 29,14 10,8 4,32 6,30 5,33 17,21 13,9 
10,6 11,7 6,19 5,30 10,7 28,16 6,32 6,21 11,6 29,16 6,30 18,19 9,7 27,16 12,7 5,31 8,19 17,19 7,19 18,18 28,15 19,20 29,15 12,8 18,20 13,6 19,19 29,17 11,8 20,20 5,29 27,17 13,8 19,21 5,28 10,9 4,31 
11,7 7,21 4,32 6,19 8,21 5,20 19,21 10,7 8,20 12,6 19,19 10,8 28,16 28,15 9,20 19,22 19,20 18,20 19,18 5,31 9,22 27,15 7,19 5,32 6,30 
17,19 6,30 6,31 19,19 4,31 29,15 18,20 10,6 4,32 7,20 28,16 18,21 10,7 10,8 19,20 4,30 7,19 8,21 5,32 18,19 8,19 17,20 6,18 9,19 19,18 10,20 8,20 19,21 9,22 17,21 27,15 11,7 26,16 7,30 3,32 28,15 10,5 3,30 29,16 29,14 27,16 
28,16 18,19 5,30 5,32 19,20 28,17 29,16 10,6 4,30 27,17 17,21 7,20 6,31 19,19 19,18 12,6 6,29 18,21 4,31 6,30 27,15 6,20 12,7 28,15 18,20 27,14 5,31 29,15 
8,19 29,17 18,20 28,15 28,17 27,17 19,21 10,7 7,19 10,8 18,19 9,8 27,15 5,32 4,30 6,19 8,18 11,8 28,16 5,31 20,21 7,20 6,20 17,19 28,14 18,21 9,7 
27,17 19,20 28,16 19,19 17,21 29,16 18,19 4,32 6,20 6,32 28,15 5,32 7,20 11,7 27,16 12,6 19,21 29,17 6,21 28,17 6,31 17,20 13,5 18,20 10,6 29,15 17,19 12,4 11,6 17,18 27,18 30,17 4,30 26,18 11,8 28,18 17,22 5,20 
6,31 6,30 27,16 29,15 5,30 4,32 27,15 12,7 10,7 11,8 8,21 7,29 6,21 19,20 4,30 29,17 28,18 5,20 28,15 4,31 18,19 7,31 11,7 11,6 10,8 3,31 8,22 7,22 18,21 28,16 7,21 4,29 28,14 7,19 6,32 10,6 12,6 30,14 19,19 26,16 17,20 
11,8 4,32 11,7 6,21 6,30 7,20 27,17 6,31 6,19 7,21 28,17 27,16 29,15 19,19 17,20 8,21 7,22 10,7 17,19 19,21 4,31 16,19 6,20 19,20 10,6 4,30 8,22 8,20 5,18 7,19 28,16 5,30 11,6 5,22 9,21 3,30 18,19 
19,19 19,20 12,7 12,6 6,21 10,6 17,21 17,19 17,20 4,31 10,7 11,8 7,21 18,21 29,16 4,32 29,15 6,32 30,16 6,30 16,22 3,31 11,6 9,7 12,8 7,20 5,32 6,31 
6,30 5,31 6,32 28,15 12,6 7,30 6,19 7,21 4,30 27,16 8,19 19,19 7,19 27,15 17,21 28,17 8,20 28,16 19,21 16,21 18,22 6,33 20,20 12,7 9,18 27,18 8,21 13,8 11,7 5,30 9,19 11,6 20,19 29,15 10,8 11,5 7,18 4,31 
6,19 11,8 7,21 10,7 19,21 4,32 28,17 12,8 6,20 8,20 28,16 7,19 8,19 29,17 27,15 5,19 4,30 12,6 18,21 19,19 10,6 11,7 10,5 7,20 6,32 7,18 29,16 6,21 10,8 19,20 17,21 30,15 5,20 
12,8 18,19 6,30 12,6 8,19 28,16 28,15 5,31 7,21 4,31 6,31 7,20 6,32 7,32 5,30 8,20 7,31 8,21 19,19 6,20 17,21 29,17 6,21 18,20 5,21 11,6 13,7 10,8 11,8 19,20 20,20 27,14 17,19 29,16 27,15 6,22 
11,6 12,7 6,30 28,16 29,15 28,17 17,20 10,6 12,8 4,31 8,19 8,21 4,30 17,21 5,30 19,20 5,29 29,17 7,19 17,19 5,31 18,20 27,16 11,9 27,15 7,21 16,21 13,8 29,16 27,17 6,21 7,22 9,20 8,20 29,18 19,21 18,21 26,15 20,22 6,19 11,8 10,7 
12,8 17,19 19,21 4,30 13,9 27,16 8,19 27,15 8,21 13,8 10,8 18,21 29,16 10,7 8,20 11,8 7,20 10,9 5,30 4,32 6,20 6,32 4,31 18,22 7,19 17,21 18,19 6,19 26,14 26,15 17,20 9,7 29,17 19,20 6,30 7,21 11,7 5,20 28,16 13,7 16,19 12,7 27,17 
12,7 7,21 8,19 8,20 7,19 29,15 8,18 17,19 27,15 29,17 27,16 12,8 11,9 5,30 6,19 4,32 4,29 26,16 11,6 28,16 27,14 12,5 6,20 18,19 6,31 6,21 
27,16 8,20 9,21 6,19 8,21 28,17 11,6 18,21 6,30 28,15 10,5 19,20 29,16 17,19 6,31 5,30 8,19 17,21 18,19 4,30 7,21 7,20 6,20 6,21 28,16 12,7 19,19 17,18 10,8 8,18 7,19 10,7 11,8 11,7 
10,8 8,20 9,9 29,17 9,7 28,17 6,21 7,19 11,6 8,21 28,16 6,19 4,30 12,8 11,8 27,15 7,22 5,31 27,16 10,7 17,20 5,30 11,7 18,20 4,31 28,18 7,21 18,21 17,21 28,15 19,20 5,32 27,17 
8,21 17,19 5,30 6,30 4,32 8,20 29,16 10,8 11,6 9,21 4,31 12,8 4,30 28,17 5,31 29,15 7,20 11,7 3,31 11,8 12,7 6,19 28,15 29,14 30,16 29,17 7,21 3,32 6,31 8,19 28,16 30,18 6,21 18,20 7,29 28,14 5,32 9,20 6,20 27,15 6,32 13,6 9,19 8,22 
19,19 19,21 17,21 8,19 11,8 8,21 4,32 12,7 28,17 18,20 18,22 17,19 27,17 6,19 18,18 27,18 4,33 17,20 6,30 10,8 28,15 7,19 16,21 29,15 7,20 6,32 27,15 5,30 28,16 7,21 12,8 9,20 
7,21 29,16 29,17 10,7 4,30 17,20 5,32 28,16 17,19 18,21 5,33 8,19 12,8 27,16 12,7 27,15 11,7 6,30 6,21 19,20 17,21 26,16 18,22 19,19 13,6 18,20 19,21 16,20 6,31 10,6 
5,30 6,32 29,17 8,19 29,15 27,15 12,7 30,16 28,15 28,17 6,31 7,32 11,8 26,16 4,30 19,20 6,30 28,16 4,29 5,32 11,6 6,21 12,9 17,20 6,19 29,16 7,19 5,31 10,6 4,32 5,29 18,21 27,16 8,21 11,7 4,31 
4,32 6,21 12,8 5,30 27,15 5,33 7,22 28,16 7,20 28,15 6,31 27,16 10,8 5,32 8,20 9,7 11,6 7,31 5,31 6,20 12,6 12,7 27,14 10,6 8,19 26,15 4,30 18,20 9,21 10,7 
29,17 27,16 7,20 29,16 18,20 28,16 19,20 12,7 27,17 5,30 10,7 30,18 6,31 9,8 27,15 7,21 6,29 11,8 29,15 18,19 4,30 11,7 6,20 12,6 11,6 28,14 7,19 19,21 
10,8 17,21 11,7 28,17 6,20 5,32 8,20 12,6 6,30 7,21 28,16 10,7 7,19 10,6 17,20 11,6 9,21 27,17 6,31 7,20 29,17 8,21 29,16 18,20 5,30 8,22 
7,19 4,32 12,8 11,7 29,16 5,30 19,20 6,30 6,20 4,30 27,17 19,19 18,20 11,8 5,32 12,6 17,21 18,21 17,20 17,19 29,17 8,18 6,21 11,9 10,7 19,21 27,16 6,31 6,19 6,32 29,15 12,7 7,21 
17,21 6,19 11,7 16,21 18,20 17,19 12,7 27,16 5,18 28,17 4,30 6,20 5,32 7,20 4,31 10,6 6,21 6,31 28,15 5,31 10,8 27,18 5,30 10,7 18,19 27,17 7,31 19,20 4,32 28,18 26,16 7,21 27,15 11,6 18,18 29,16 7,19 3,30 12,6 8,20 
28,17 28,16 5,32 6,19 11,6 11,8 12,6 6,30 27,15 29,17 29,16 10,9 18,20 6,21 12,7 12,8 17,21 11,5 30,17 8,19 16,21 5,20 28,18 18,19 5,30 7,21 5,31 17,19 27,17 7,19 
11,6 5,31 17,19 11,8 10,6 18,21 19,20 10,7 6,32 4,30 18,19 5,32 20,21 11,5 27,15 4,31 6,20 27,16 28,15 6,30 6,19 6,31 20,20 8,20 18,18 17,20 8,21 10,8 29,17 7,20 16,20 9,9 8,19 
4,30 6,19 8,19 8,20 6,21 27,17 9,18 19,19 10,6 5,32 28,16 11,6 11,7 17,20 6,20 17,21 7,20 27,16 28,15 5,21 9,20 12,6 19,20 6,32 29,17 7,21 5,31 6,31 29,16 27,18 4,32 17,19 18,18 5,22 7,19 10,7 
8,20 28,15 27,15 10,8 6,21 17,20 16,20 6,30 7,19 7,22 19,21 7,21 29,15 9,20 19,19 6,19 18,21 27,16 11,8 18,18 5,21 18,19 27,17 27,14 4,31 6,20 19,20 8,19 29,17 
11,8 5,32 12,6 6,30 28,15 29,15 19,20 10,6 12,7 18,19 9,6 17,21 4,31 17,20 8,21 17,19 11,6 6,31 28,17 4,30 19,19 5,30 10,8 6,32 27,16 7,33 
28,17 29,16 8,21 4,30 7,21 10,6 29,15 11,8 17,21 11,6 7,22 18,19 10,7 17,19 12,8 7,19 10,8 13,7 6,19 6,30 10,5 7,18 6,31 18,21 7,20 5,31 27,18 17,20 28,18 7,31 19,19 4,32 16,18 16,21 9,8 28,16 5,30 11,7 6,20 
5,30 27,17 6,32 28,16 8,20 6,19 12,6 12,7 26,18 6,30 27,16 4,32 5,18 18,20 11,7 5,32 29,17 28,17 7,33 28,18 26,16 10,6 4,30 8,21 4,29 9,5 13,8 7,20 7,21 19,20 6,20 10,8 17,21 26,17 
6,32 4,31 7,20 6,21 18,19 10,7 28,16 11,7 5,32 19,19 11,8 19,20 7,21 5,31 6,31 3,30 19,21 12,7 8,21 18,21 27,17 13,6 17,18 13,8 11,6 6,33 29,17 5,33 7,19 7,32 14,9 12,5 18,20 10,8 29,16 6,19 28,18 
8,21 6,20 27,15 28,16 6,32 5,30 11,6 18,21 7,20 18,20 18,19 7,19 19,20 8,18 11,8 9,20 4,31 6,30 12,8 5,19 4,30 10,7 5,32 6,21 28,15 6,19 12,6 
12,6 6,32 17,20 11,6 11,7 4,32 27,17 4,31 28,16 18,19 5,30 5,32 6,20 19,21 7,20 6,19 5,19 16,21 11,8 7,33 29,15 19,20 17,21 5,31 8,19 5,33 7,19 13,5 6,31 7,21 8,18 13,6 4,30 18,21 30,14 6,29 6,21 10,7 29,16 6,30 
28,15 18,20 10,6 29,15 11,8 6,31 17,21 19,19 11,5 5,32 12,8 19,20 6,20 10,5 19,21 4,33 18,19 20,18 5,31 29,16 17,20 8,20 20,20 10,8 7,19 11,7 11,6 28,16 12,7 17,19 27,14 4,31 27,15 6,18 7,32 3,30 9,4 13,9 6,19 
28,16 6,31 5,32 12,8 17,19 8,19 10,7 29,15 7,20 19,21 19,20 11,8 20,20 8,21 30,14 4,30 27,17 28,17 12,7 6,19 18,19 7,19 11,6 10,6 18,20 29,18 19,19 17,21 12,6 11,5 11,7 5,31 7,18 29,17 18,21 28,15 4,32 7,21 12,5 
17,21 6,32 11,8 10,7 29,16 5,31 4,32 5,32 18,21 10,6 28,15 4,31 28,14 27,16 7,20 6,30 11,6 18,19 7,30 12,8 10,8 28,17 26,17 19,21 17,22 28,16 6,31 12,7 11,7 3,31 12,9 12,6 6,21 
8,20 27,15 29,16 10,6 7,19 10,8 28,16 12,8 11,8 27,16 29,15 11,6 10,9 19,19 10,7 11,9 12,7 6,32 26,14 30,14 5,30 19,21 6,30 11,7 6,21 28,15 8,19 12,6 29,17 28,17 26,16 8,21 4,31 
6,19 12,8 6,30 17,19 8,20 19,20 12,6 12,9 10,6 5,30 28,16 6,20 11,6 12,7 5,18 17,21 28,15 7,20 5,29 8,21 29,17 6,32 5,19 7,21 18,21 27,17 5,32 27,14 18,19 27,18 7,19 7,29 6,31 11,5 9,21 4,29 10,4 17,22 6,21 5,31 29,16 29,15 27,15 
28,17 18,19 6,19 29,17 17,20 28,16 6,20 10,8 18,21 19,21 5,32 4,31 10,6 18,20 27,16 19,19 6,30 19,20 6,29 11,8 10,7 11,7 17,21 28,15 30,18 27,17 27,18 26,17 17,19 7,20 6,32 12,8 27,15 
17,21 4,30 8,21 5,30 7,20 18,19 4,31 18,21 5,31 12,8 19,19 6,31 10,6 29,15 4,32 17,19 5,32 11,7 6,32 16,18 8,19 11,6 11,8 5,33 17,20 8,20 19,20 17,18 27,16 7,19 10,8 12,6 6,19 28,15 5,19 18,22 
12,8 19,20 4,32 17,19 11,7 5,30 27,15 19,19 28,15 16,18 27,17 8,21 17,20 19,21 28,16 8,19 18,20 10,8 10,7 5,32 7,20 4,31 8,20 6,20 11,9 26,14 7,19 12,6 6,19 10,6 18,19 8,18 11,10 6,29 
6,32 7,19 27,16 7,20 27,17 29,15 19,19 6,20 4,30 10,6 8,19 17,20 10,7 4,31 9,7 6,31 8,20 5,30 9,20 4,32 17,19 12,7 19,20 7,21 5,31 18,20 7,22 6,21 18,21 3,32 26,18 10,20 18,19 6,22 7,18 6,19 
8,21 29,17 6,31 29,18 4,30 18,21 6,19 12,6 7,20 6,30 4,31 19,21 27,16 7,19 7,21 17,20 11,7 4,32 28,18 28,17 5,20 18,19 18,20 10,8 8,20 12,7 5,32 12,5 4,33 6,20 28,16 30,17 19,22 6,22 5,31 28,15 13,5 3,33 
8,20 10,6 12,7 4,31 7,19 17,20 19,19 27,17 12,8 11,8 11,7 16,20 12,9 18,21 27,18 5,30 12,6 7,20 8,21 27,16 18,20 28,18 6,18 6,31 19,20 7,32 20,20 10,7 19,18 11,6 5,32 5,29 29,17 6,19 27,15 6,21 8,19 4,33 4,32 3,31 3,30 28,19 28,15 28,16 12,5 
29,15 6,31 12,6 29,17 5,32 7,20 5,30 11,8 4,32 10,7 28,17 27,16 17,19 10,8 11,6 6,21 6,20 28,16 8,20 27,18 6,30 8,21 18,20 7,19 29,18 17,21 30,16 29,16 26,15 6,19 19,20 27,19 4,31 18,19 10,6 8,19 5,31 12,8 19,19 6,32 28,15 5,21 3,30 13,7 
29,17 5,30 4,32 6,21 10,8 19,20 6,19 6,31 27,15 6,32 8,20 28,16 7,32 4,31 4,30 6,20 6,30 19,19 5,31 5,32 7,20 18,19 20,21 27,16 12,6 18,20 26,17 28,15 3,30 11,8 3,31 17,19 19,21 7,33 5,33 12,7 29,15 7,30 
17,19 11,6 6,31 8,20 6,19 28,15 19,19 11,7 11,8 10,9 10,6 5,31 5,32 10,8 27,15 11,5 8,19 4,31 5,30 7,20 29,17 9,19 27,16 6,30 8,21 4,32 7,19 
6,30 28,16 7,19 28,17 4,31 18,21 4,30 11,6 7,21 8,20 8,19 29,17 30,16 27,15 10,8 12,6 6,20 6,19 19,21 29,16 11,7 12,7 30,17 19,19 9,9 6,21 10,7 11,8 8,21 17,21 5,32 7,20 10,6 9,19 5,31 9,7 31,17 18,20 4,32 9,5 28,18 
5,32 12,8 29,17 4,32 4,31 5,31 18,19 6,32 28,17 3,30 8,20 6,30 10,7 2,31 28,15 11,7 28,16 6,20 19,21 19,19 30,16 10,8 4,30 27,16 7,19 27,17 28,14 7,20 27,15 6,19 12,7 29,15 11,8 17,19 7,21 20,20 8,22 31,15 26,14 
27,16 8,20 18,21 27,17 4,31 8,21 4,30 10,7 12,8 6,30 28,17 19,21 8,19 7,20 10,8 19,20 11,8 12,6 11,7 17,19 27,18 6,21 7,19 7,21 5,30 6,31 9,19 5,32 29,15 28,16 29,17 27,15 18,19 9,20 6,32 17,20 19,18 18,20 
19,21 11,7 6,30 6,20 20,22 10,6 27,15 18,21 6,31 8,21 12,7 7,21 6,19 11,6 5,19 7,20 5,29 12,6 9,20 9,21 6,29 6,21 27,16 12,8 17,20 4,32 29,17 11,9 18,19 28,16 6,32 19,20 8,20 6,22 5,20 7,22 
12,6 13,5 8,20 17,21 17,20 19,19 16,22 19,21 12,7 28,15 20,19 12,8 4,31 10,7 10,8 11,9 18,20 10,6 29,15 5,30 11,7 13,6 11,10 6,21 8,19 12,5 4,32 16,21 18,22 
19,19 8,19 29,17 11,7 6,31 27,16 27,17 7,21 7,18 28,17 4,32 6,32 12,8 6,19 18,19 19,21 11,6 7,30 5,30 5,32 7,19 8,21 18,21 4,31 11,8 19,20 28,16 26,18 26,15 13,8 
8,21 18,21 6,31 28,16 7,21 18,19 29,17 6,30 27,16 4,30 17,21 28,15 11,6 27,15 5,30 6,19 6,21 4,32 9,20 8,20 28,14 7,20 19,19 19,20 11,7 19,21 3,30 6,22 12,7 10,7 20,21 17,20 
7,20 5,30 8,21 28,17 4,32 3,33 17,21 5,32 19,19 7,21 6,19 17,20 19,21 6,30 18,21 12,7 11,7 13,8 6,20 7,19 16,22 16,21 8,20 8,22 18,19 10,6 12,8 5,29 28,15 13,7 17,19 12,9 27,17 18,22 12,6 
29,15 8,19 11,6 19,20 11,8 8,21 4,30 7,20 28,15 28,17 11,7 10,6 5,31 4,32 12,7 13,6 7,19 6,19 17,20 4,29 29,14 7,21 18,20 10,5 6,30 5,30 16,21 6,21 10,7 13,7 19,21 8,20 10,8 11,5 
29,16 27,15 17,21 7,20 19,20 17,20 27,17 6,20 29,15 7,19 7,21 12,8 18,20 18,21 19,19 8,21 29,17 10,8 26,17 16,22 27,16 28,16 19,21 12,6 6,19 5,31 28,15 8,19 30,15 7,18 11,6 8,22 9,21 28,14 28,17 5,32 6,18 7,22 13,7 4,31 9,20 5,19 12,9 8,20 
6,30 8,19 4,31 5,30 17,20 10,8 5,31 28,15 27,17 27,15 6,32 17,21 6,31 7,30 11,8 8,31 4,30 10,6 19,20 18,19 29,16 28,16 8,21 9,6 9,22 8,20 27,16 9,8 12,9 17,19 11,7 9,20 10,7 8,8 27,18 
8,20 6,30 6,20 17,20 4,30 11,7 28,17 27,16 6,19 5,31 12,7 4,31 11,8 19,21 18,20 8,19 17,19 18,19 28,16 10,6 5,30 19,19 19,20 29,16 13,6 14,7 10,7 9,19 4,32 8,21 7,19 3,30 20,19 12,8 13,8 18,18 7,21 29,17 8,18 5,21 7,30 30,15 26,16 26,17 
19,20 4,30 18,21 17,20 11,7 4,32 8,20 10,6 11,8 6,21 6,20 29,15 17,21 7,19 12,8 12,7 10,8 16,22 7,20 8,21 28,17 7,21 19,21 6,31 18,19 7,22 28,14 5,32 5,21 20,22 12,6 4,33 6,19 18,20 11,6 19,19 12,5 29,16 
19,21 29,16 4,32 29,17 11,6 5,32 29,15 6,30 6,32 6,19 18,19 27,16 7,19 6,20 28,17 12,8 5,30 28,16 27,17 29,18 5,21 3,31 17,20 7,32 10,8 10,6 10,7 4,31 9,6 7,20 19,20 26,17 28,18 28,15 18,20 5,18 5,31 20,20 10,5 12,7 19,19 9,9 26,16 19,18 
29,15 5,31 4,31 27,15 8,19 17,20 27,16 4,30 10,8 4,32 6,32 17,19 29,16 5,32 19,19 10,7 26,14 19,20 6,31 18,19 7,20 18,18 11,8 27,17 19,21 28,16 3,32 12,8 
4,30 11,8 5,32 29,15 4,31 10,8 11,9 17,21 7,21 12,8 27,15 19,21 4,32 18,19 6,21 7,22 5,31 29,17 5,29 6,30 6,31 27,17 26,16 18,20 19,22 18,22 3,31 6,19 4,29 18,21 17,20 28,16 17,22 19,20 7,30 
27,15 27,16 8,20 29,15 5,31 6,30 18,19 18,20 6,19 28,17 18,21 8,21 6,20 19,19 6,21 5,30 7,30 17,20 8,19 17,19 30,15 7,20 9,20 27,14 9,21 16,21 11,6 28,16 26,16 16,20 4,31 
6,19 19,21 29,16 19,19 28,16 5,30 7,19 6,30 6,32 28,15 4,30 8,21 5,31 6,33 12,6 29,17 4,32 18,20 29,15 17,19 11,7 12,8 19,20 18,18 17,20 27,15 12,7 27,17 10,8 30,14 4,31 18,19 6,20 7,20 
6,21 8,19 5,31 28,17 8,20 19,21 4,32 11,6 29,16 4,30 10,8 11,5 29,15 27,15 5,30 28,16 10,6 27,17 6,19 11,7 12,7 12,6 12,8 7,21 27,16 7,18 6,22 4,31 4,29 19,20 6,32 13,5 26,15 
27,17 5,31 18,21 17,19 12,6 6,20 28,16 17,20 29,15 6,31 29,17 5,32 27,18 28,17 6,32 12,8 5,33 7,21 5,30 4,30 7,20 4,29 27,15 29,16 28,15 3,29 10,8 16,19 19,21 7,32 6,30 11,7 19,19 13,9 10,9 10,7 4,32 6,21 8,19 5,21 5,22 28,14 27,16 
19,20 17,20 8,21 8,19 27,17 11,6 9,20 6,30 29,17 9,18 7,19 28,16 30,17 9,22 6,20 5,21 6,21 29,15 6,31 8,20 10,6 5,20 28,17 5,32 7,20 27,15 30,16 4,31 5,30 27,16 12,7 8,18 12,6 10,7 4,21 18,21 
27,15 6,31 7,19 6,32 4,32 4,30 8,20 3,29 28,17 5,32 6,30 3,31 6,19 17,20 7,20 11,7 8,21 27,17 5,33 16,21 19,21 20,21 5,31 17,21 10,7 9,21 11,6 10,8 27,16 7,22 18,21 28,16 18,20 27,14 4,31 20,22 29,17 17,19 5,30 3,32 12,7 21,20 18,22 
29,16 28,16 12,6 4,31 11,7 30,15 10,6 6,30 19,21 8,20 27,17 5,30 11,5 6,31 18,20 19,19 6,20 7,20 3,32 12,7 8,21 18,19 27,15 12,8 9,19 11,6 6,19 8,19 28,15 6,21 7,18 7,19 13,7 5,31 5,32 9,20 11,9 10,7 27,16 17,19 7,21 26,17 26,15 8,22 
19,19 18,20 5,31 19,20 4,31 27,17 29,16 12,7 19,21 10,6 8,21 27,16 6,31 12,6 5,30 4,32 17,20 8,20 6,32 10,7 12,8 11,6 8,19 18,19 6,19 20,21 7,19 10,8 6,29 13,8 26,17 20,19 5,32 18,18 9,7 20,20 7,20 28,17 
12,6 17,21 6,30 11,6 18,20 10,7 29,15 29,16 27,15 28,15 5,32 17,20 11,7 7,19 19,19 9,7 30,17 7,20 19,20 28,16 7,30 27,16 17,19 29,14 27,17 18,21 18,19 16,19 
29,17 28,15 7,20 28,17 28,16 18,21 5,30 27,17 18,19 11,7 26,18 6,19 7,19 4,30 18,20 29,15 10,8 6,30 6,20 10,6 6,32 19,21 17,20 5,31 28,18 17,21 19,20 29,16 8,21 17,19 20,20 5,33 11,6 10,7 16,20 4,31 
18,19 6,20 8,21 7,21 6,30 12,7 12,6 5,31 10,8 6,19 27,17 27,16 28,16 17,20 6,21 29,15 11,7 8,19 28,17 18,21 5,32 17,21 26,16 28,15 6,31 17,19 29,14 13,7 13,8 30,15 19,19 7,30 19,21 10,6 30,14 14,6 29,16 5,21 27,14 7,19 6,32 6,22 10,7 11,8 26,17 
27,15 19,19 8,21 29,16 10,8 27,16 17,21 26,15 28,15 30,17 5,30 6,31 6,32 12,7 18,19 7,19 11,6 10,6 8,20 19,18 28,16 5,31 20,20 9,22 7,20 
5,31 5,30 11,6 7,19 10,8 4,30 4,31 17,21 6,30 6,32 5,29 9,8 6,19 19,21 8,21 3,30 9,9 16,20 17,19 7,20 12,6 18,20 28,16 8,19 7,18 3,31 27,16 29,17 12,8 8,20 11,7 6,20 18,21 29,16 7,33 11,8 9,21 12,7 5,20 16,19 29,15 18,22 18,19 
6,32 5,30 5,31 18,21 29,17 28,16 28,17 6,30 27,17 26,16 28,15 27,16 10,8 19,20 10,6 11,9 6,19 27,18 17,20 11,7 18,19 29,16 10,7 26,17 8,21 
10,7 5,30 5,31 18,20 6,19 6,31 17,19 27,17 18,21 18,18 11,8 27,15 4,30 29,17 6,32 17,20 12,7 19,21 12,8 4,32 11,9 10,6 7,32 28,15 28,14 17,21 9,7 10,8 6,30 7,19 8,21 11,7 13,9 
7,20 6,20 27,15 10,7 6,30 11,6 27,16 28,15 8,20 6,32 28,17 7,19 5,31 6,31 4,30 28,16 5,30 5,21 6,19 7,21 29,15 6,29 5,20 18,19 27,17 28,14 19,21 29,16 11,7 17,19 10,8 5,33 17,20 6,33 6,18 26,15 6,21 18,20 8,21 5,32 8,19 
7,20 8,19 12,8 5,32 6,30 5,30 6,31 8,20 19,21 6,19 19,22 10,8 4,31 10,6 5,31 29,17 7,21 3,30 17,19 13,7 28,15 7,19 4,32 5,33 12,6 28,16 19,20 28,17 6,32 18,20 
4,30 18,19 28,16 12,7 10,8 27,15 7,20 6,32 4,31 27,17 4,32 28,15 8,21 6,31 19,21 12,8 19,19 5,31 3,30 29,15 18,20 10,9 18,21 7,19 8,18 9,7 18,22 20,18 19,22 5,30 19,20 10,6 12,6 11,6 
4,32 4,31 19,19 19,21 18,20 11,6 8,20 6,20 10,8 20,18 19,20 6,31 20,19 7,19 17,19 3,33 6,21 12,8 5,31 7,21 5,32 12,6 18,21 4,30 5,20 13,6 10,6 10,7 11,8 20,20 7,20 2,32 17,22 21,18 28,16 18,19 6,32 
10,6 11,6 18,19 5,31 4,32 29,15 9,6 27,17 6,32 28,16 28,17 6,19 17,19 4,31 7,20 5,18 17,20 11,8 8,21 5,32 29,17 30,16 5,33 28,15 27,16 10,8 8,19 10,7 26,16 29,18 27,15 10,9 18,21 30,14 
27,17 11,8 28,17 6,19 12,7 29,16 17,20 6,20 4,30 11,7 18,21 5,32 19,20 29,17 18,19 4,32 7,19 8,19 12,8 7,20 28,15 17,19 12,9 11,6 10,8 12,6 5,30 29,15 
17,20 11,8 6,21 27,16 11,6 17,19 18,21 19,19 10,7 6,19 12,8 8,20 18,19 7,21 7,19 19,22 18,20 29,15 8,21 10,8 27,15 26,16 28,17 17,21 29,17 28,15 18,18 6,18 27,17 11,7 5,31 7,20 16,20 28,14 20,18 
10,7 29,17 17,20 12,7 6,20 10,8 6,21 19,21 27,16 11,7 12,8 4,31 18,19 5,32 28,16 12,6 6,32 8,20 4,30 11,6 11,8 28,17 28,15 27,15 17,21 4,32 29,16 9,21 3,30 27,17 18,20 26,17 30,18 13,5 19,20 28,14 7,21 16,20 
8,19 28,15 28,16 12,6 4,31 8,21 4,30 6,32 29,15 27,15 6,30 12,8 7,33 12,7 7,31 19,20 6,20 5,32 5,31 7,21 8,31 28,17 10,7 7,19 4,32 11,8 3,30 18,19 6,31 13,9 11,9 29,17 10,8 17,20 
11,7 18,19 27,15 28,16 29,15 10,8 12,6 8,20 11,8 18,18 6,31 17,20 6,32 29,17 11,6 10,6 29,16 7,19 6,19 7,31 10,7 28,14 19,21 5,31 27,16 28,15 9,8 6,30 
28,17 10,6 17,19 19,20 11,8 5,32 9,7 8,21 8,19 6,30 9,20 17,20 18,20 19,21 8,20 16,19 4,33 12,7 18,19 5,30 7,20 28,16 12,6 10,7 28,15 13,6 6,19 29,17 11,7 6,20 9,19 29,16 13,7 9,18 20,20 15,18 17,18 5,31 7,19 17,21 7,21 29,15 
27,16 17,21 18,21 10,7 11,8 29,16 12,7 6,21 10,8 4,31 18,19 7,20 5,31 11,6 8,21 17,18 9,6 9,9 12,6 8,19 7,18 19,20 6,20 12,8 28,15 10,5 16,21 7,19 
17,21 28,17 8,20 10,6 12,7 11,6 17,19 12,8 8,19 17,20 11,8 12,6 19,20 6,21 10,7 28,15 7,21 11,7 27,18 4,30 12,9 6,32 5,20 29,16 18,20 4,31 3,30 27,15 27,16 19,19 29,14 18,18 18,19 5,30 8,18 5,32 18,21 5,31 8,21 
10,7 12,7 6,21 19,20 4,30 17,20 6,31 6,20 27,16 7,20 6,30 18,20 29,15 10,6 30,15 18,19 7,21 11,7 8,19 19,21 29,16 11,8 4,29 11,6 27,17 16,20 
11,8 28,15 12,7 27,14 19,19 29,15 17,20 18,20 11,6 10,7 27,17 5,30 27,16 17,19 28,17 6,32 4,30 30,14 10,6 5,32 11,7 19,20 18,19 18,21 29,16 10,9 16,20 9,8 4,31 
5,32 7,21 11,7 11,6 11,8 6,19 28,16 12,8 19,19 6,31 6,20 7,19 12,7 27,15 10,6 19,20 5,31 18,21 6,30 4,31 8,21 17,19 3,32 4,30 12,6 6,32 13,7 28,15 5,21 6,21 
10,6 6,21 6,32 5,32 11,7 4,32 28,16 7,20 29,15 6,33 18,19 7,19 18,20 11,6 29,14 10,8 19,19 7,18 5,30 29,16 6,20 28,15 5,31 6,30 19,21 30,16 5,20 12,5 17,20 30,17 
18,21 5,30 4,31 6,31 17,20 19,21 19,20 10,8 28,15 28,16 20,20 11,7 18,19 7,20 10,6 29,15 11,6 19,22 17,21 6,20 11,5 6,21 3,30 27,16 18,20 20,22 8,20 12,6 27,15 5,31 
11,8 4,30 7,19 11,7 5,32 29,16 19,19 10,6 4,31 19,20 19,21 29,17 30,15 28,17 6,30 27,15 6,21 12,6 11,6 5,30 8,19 18,20 26,16 7,18 12,5 4,29 8,20 6,19 
12,7 28,16 6,21 12,6 19,21 11,8 12,8 18,21 29,16 27,17 27,16 7,20 6,20 28,17 19,19 10,8 10,9 29,18 11,7 20,20 28,18 27,18 10,7 5,30 18,20 6,19 8,20 
6,20 4,31 19,20 28,17 5,31 3,32 4,30 7,19 8,21 11,8 6,21 8,20 5,20 17,20 29,17 18,19 5,21 11,7 5,32 10,6 18,21 12,7 12,8 7,21 5,29 28,16 19,22 19,18 10,7 7,18 7,20 27,18 6,30 8,19 13,9 18,20 19,19 29,15 8,22 6,18 7,22 27,16 8,18 6,31 
28,16 10,8 19,19 18,21 29,16 27,16 11,8 28,15 8,21 12,7 8,20 8,19 19,20 5,30 27,17 29,17 6,19 12,8 7,20 7,21 12,6 11,7 10,7 18,19 17,19 11,6 9,18 17,21 7,19 9,19 5,19 13,8 29,15 16,20 9,9 10,6 28,17 30,16 4,29 18,20 5,32 6,20 9,17 7,18 5,31 
6,30 18,20 6,20 18,19 6,32 11,8 12,6 4,31 28,16 13,6 11,7 17,19 7,19 5,30 7,32 7,20 10,7 11,6 8,20 19,21 12,7 12,8 28,15 27,16 17,20 17,21 10,9 13,8 9,20 10,8 19,20 5,31 5,32 18,22 27,17 29,17 13,9 8,21 6,31 19,19 20,19 8,19 14,6 17,18 
6,32 12,8 12,9 6,30 4,31 5,31 11,6 10,8 5,30 27,15 4,32 12,7 28,17 8,20 18,21 29,17 28,16 7,19 4,29 10,9 10,6 6,19 11,5 4,30 12,6 8,18 28,18 27,16 5,32 5,33 12,5 10,7 9,8 28,15 3,30 
27,16 8,21 8,19 5,31 19,21 12,8 29,15 13,9 11,6 5,30 6,20 8,18 17,19 18,20 4,30 6,29 8,20 6,30 12,7 12,6 4,31 4,32 10,6 13,8 17,20 
17,21 12,7 29,17 6,31 6,19 5,20 8,19 18,21 7,21 11,7 4,30 11,6 18,20 9,20 19,20 30,16 7,20 19,19 8,22 12,6 5,30 10,7 4,32 4,31 28,15 8,20 8,21 17,20 11,8 10,8 9,19 19,21 28,17 5,31 27,15 12,8 12,5 
12,6 5,32 10,7 19,21 8,20 19,20 11,6 11,7 17,21 17,19 11,8 16,22 18,19 6,19 17,20 8,19 19,19 4,32 12,8 27,15 6,30 9,21 16,21 27,17 17,18 19,18 4,31 10,8 12,5 7,19 5,30 7,21 16,20 7,29 6,22 6,31 27,18 7,20 18,20 27,14 8,21 
18,20 6,30 10,8 8,19 27,17 17,20 11,8 8,20 18,21 26,18 18,19 5,31 8,21 7,21 9,8 7,20 29,15 19,20 17,21 5,30 19,19 4,30 10,6 7,22 7,19 8,22 6,31 6,32 26,17 6,20 6,18 27,15 11,7 28,16 7,18 6,21 19,21 5,32 7,33 7,31 12,6 18,18 4,29 8,23 
6,32 28,17 11,7 19,19 7,31 6,20 5,31 17,21 4,31 8,21 5,30 28,16 16,21 17,19 7,20 6,21 4,30 12,6 4,32 6,30 18,19 6,31 7,32 27,17 6,33 5,33 27,15 5,20 8,19 27,16 29,16 17,20 12,7 10,7 10,6 28,18 30,15 
29,16 6,32 4,31 11,8 3,32 8,20 18,21 11,6 3,31 12,7 5,31 4,32 5,33 17,21 18,20 6,21 17,19 12,8 10,8 28,16 29,17 7,20 6,30 10,7 7,19 8,21 4,30 19,20 2,33 12,6 18,19 18,22 6,20 27,17 5,30 20,19 27,16 19,19 6,31 8,22 30,15 29,15 13,7 9,20 
6,30 5,30 28,16 12,8 12,7 6,19 10,6 7,19 10,8 6,32 27,15 4,30 18,19 19,20 5,31 26,16 18,21 28,15 6,29 11,7 17,20 18,20 29,15 17,21 18,18 8,19 29,16 27,17 4,31 19,21 27,16 26,15 17,22 11,6 30,16 26,17 
27,15 6,19 8,19 6,21 11,6 18,21 6,31 6,20 17,21 6,30 7,20 7,19 8,21 27,17 19,20 10,5 5,29 19,19 28,16 7,21 5,30 8,20 18,18 4,30 5,21 5,22 29,16 7,30 8,22 7,31 18,20 27,16 4,32 5,32 6,32 17,22 10,8 7,18 19,21 8,18 
29,16 10,6 4,32 5,32 5,31 6,21 27,16 4,30 28,15 7,20 10,8 11,6 6,20 18,21 11,7 17,19 10,5 19,20 6,32 7,19 27,17 4,31 28,16 9,7 5,21 29,17 6,33 28,17 8,20 9,5 3,31 10,7 7,21 19,19 6,19 
19,21 27,15 29,15 29,16 17,19 18,21 6,20 12,7 18,18 27,16 11,7 6,21 17,20 12,8 5,32 27,17 10,8 7,19 28,15 28,16 17,21 12,6 7,20 19,20 17,18 29,17 
7,19 8,19 6,30 5,32 12,7 11,7 29,15 6,31 19,19 7,21 27,15 7,20 6,19 8,21 11,8 8,20 17,21 7,30 6,32 28,17 19,20 28,15 17,19 13,7 16,19 5,31 11,6 28,16 10,8 12,8 4,31 29,17 27,14 27,17 7,32 9,8 29,16 4,32 18,19 12,6 6,22 
29,15 10,6 6,30 29,17 9,6 19,21 10,8 10,5 11,9 27,17 5,31 5,30 6,31 17,19 11,7 18,21 28,16 19,19 5,32 17,20 6,20 7,20 10,7 7,30 11,8 
27,15 12,8 12,7 19,19 28,17 28,16 8,19 27,17 11,8 8,20 6,19 18,20 11,7 5,31 17,21 27,16 19,21 5,32 6,31 29,16 20,20 7,18 5,30 12,6 12,9 19,20 6,30 10,7 26,18 27,18 4,32 4,30 19,18 9,19 20,19 
6,31 17,20 6,21 17,21 10,7 18,20 8,20 27,15 7,19 5,30 11,6 26,14 28,15 10,8 10,6 8,21 28,16 29,15 9,21 12,7 29,16 4,30 19,19 18,21 6,32 27,14 17,19 5,29 19,21 11,8 
11,7 6,20 10,8 18,20 10,6 18,21 17,21 16,22 12,6 29,15 4,32 5,21 5,33 29,17 6,31 28,16 16,20 28,14 6,19 7,21 6,30 8,19 11,8 4,31 6,21 10,7 7,30 
10,8 17,20 18,19 29,15 7,19 27,15 8,21 27,16 6,30 7,21 5,30 11,7 8,20 19,19 11,6 9,19 12,7 29,16 16,19 27,17 4,31 19,21 28,17 10,6 6,19 5,29 
17,19 10,6 8,21 6,21 6,20 28,15 4,31 10,8 5,30 18,19 27,16 18,21 29,15 19,20 20,20 6,19 11,8 29,16 29,17 6,31 17,20 16,20 7,20 7,19 11,6 6,32 27,17 7,30 5,32 4,32 28,17 12,7 19,21 7,22 18,20 17,21 28,16 26,16 8,20 
17,19 12,7 6,32 6,21 18,18 29,16 17,21 8,20 10,8 11,6 17,20 18,21 6,31 10,5 13,6 12,6 4,31 29,15 28,17 27,15 11,7 6,30 12,8 10,7 10,6 28,15 5,30 19,20 4,32 7,20 13,5 19,21 27,17 18,19 20,22 8,21 12,5 9,6 27,16 27,18 11,8 26,16 7,21 5,32 
18,20 5,31 12,6 18,21 29,16 5,32 12,7 29,17 6,31 28,15 17,22 27,15 8,20 10,8 8,21 13,6 7,20 19,19 27,16 18,18 4,31 18,19 28,17 27,17 10,6 11,8 6,30 13,7 28,16 7,21 6,33 9,20 20,20 5,30 4,30 9,7 
12,6 17,21 19,20 27,16 12,8 28,16 6,31 7,19 29,17 8,18 28,17 8,19 12,7 7,21 11,8 27,18 19,21 13,8 28,15 4,31 9,20 5,32 6,20 13,7 30,17 4,32 6,21 3,31 5,31 
7,19 6,19 5,31 27,17 5,30 17,21 10,8 12,8 28,15 6,20 19,21 29,17 7,20 12,7 5,32 28,18 10,6 29,14 6,31 5,19 10,5 12,6 13,6 6,30 5,29 11,7 29,15 11,6 18,19 4,30 28,16 6,32 13,7 18,20 19,19 27,15 27,16 13,8 8,19 4,32 11,8 
10,8 12,7 17,21 11,8 7,21 18,19 4,30 6,31 10,9 7,20 6,30 10,7 7,19 6,20 6,21 5,21 17,18 29,15 8,18 27,17 9,6 13,7 5,32 5,22 11,7 11,9 11,6 12,8 10,6 5,20 6,19 18,21 
10,7 29,17 7,20 19,19 10,8 18,21 5,30 11,7 4,32 3,31 7,21 5,32 27,17 9,8 18,20 5,31 8,20 19,21 6,31 6,29 6,32 17,21 17,19 7,22 8,21 6,20 26,17 6,21 9,22 6,19 12,7 6,30 17,20 7,19 9,9 
27,15 6,31 8,20 27,16 6,32 18,19 28,16 5,30 6,30 19,18 17,20 12,6 6,21 6,19 19,20 18,21 8,21 17,19 12,7 17,21 27,17 17,22 7,20 11,6 9,20 
7,21 10,6 9,6 17,21 6,21 6,20 8,20 27,16 28,17 7,22 19,20 18,20 9,19 19,21 17,19 27,17 7,19 18,21 10,8 28,16 27,15 19,19 5,32 4,31 28,15 11,8 19,22 
11,6 19,19 29,15 19,21 11,7 4,30 6,19 28,16 28,17 29,16 6,32 29,17 7,20 5,31 12,8 28,14 5,30 28,15 11,8 10,7 4,32 8,20 3,33 6,20 18,20 8,21 12,7 5,32 9,21 9,20 7,33 6,33 
12,8 4,30 13,9 6,21 28,15 11,7 18,21 27,17 7,20 17,20 11,6 27,15 3,31 26,15 10,6 28,18 19,21 6,30 7,19 6,20 17,21 12,7 6,19 13,8 4,31 3,30 10,7 8,19 5,31 29,17 3,29 8,18 7,22 30,17 27,14 12,6 
11,7 28,16 17,21 18,19 6,30 19,19 5,30 18,18 8,20 5,31 27,15 29,16 29,17 17,19 20,19 12,7 28,17 4,30 20,20 8,19 8,21 18,20 19,21 28,18 10,8 
10,7 6,19 27,17 5,31 8,19 28,16 7,19 4,31 18,19 6,32 17,21 17,19 7,18 10,6 4,30 28,17 5,32 11,8 19,20 4,32 11,6 29,16 7,31 10,8 11,7 17,20 11,5 18,18 8,20 6,30 20,19 11,9 6,20 26,16 5,33 3,31 9,8 
6,20 4,32 4,33 28,15 18,20 5,31 18,19 6,30 29,15 10,6 29,17 6,19 11,8 19,20 10,8 28,16 10,7 18,18 12,8 6,32 5,21 11,7 30,18 12,7 11,9 7,19 28,17 7,20 7,18 6,31 
7,19 10,6 11,6 17,21 12,6 17,20 11,8 6,31 19,20 8,19 18,21 4,31 29,16 9,19 5,32 29,15 27,16 27,15 28,16 6,20 30,15 8,20 16,22 4,30 10,8 8,18 
7,21 27,17 5,32 18,21 12,7 19,21 28,15 10,6 11,7 17,21 28,16 5,31 7,20 10,8 26,18 18,19 27,15 6,30 12,6 4,31 19,20 6,20 6,21 27,16 6,31 8,19 5,30 8,18 5,29 6,32 
27,15 6,20 6,19 27,17 7,20 5,32 19,19 6,31 5,31 7,21 4,31 6,18 7,19 19,21 10,8 11,7 28,17 8,20 8,19 18,20 27,16 4,30 5,30 18,21 5,18 5,21 19,20 4,29 6,32 28,16 28,15 29,14 5,29 5,28 5,19 17,20 3,31 3,30 
27,16 8,20 28,17 18,20 12,8 11,6 28,15 6,32 7,19 5,32 5,31 11,7 7,20 12,7 27,17 29,16 11,8 10,7 13,8 13,7 28,14 29,15 17,21 30,17 6,18 12,6 28,16 19,20 28,18 29,17 18,19 29,14 6,19 11,9 18,18 9,21 12,5 26,16 19,19 19,21 8,19 17,20 5,30 10,6 
18,19 12,7 12,6 28,15 6,31 29,17 28,16 7,21 19,19 4,30 18,21 17,19 4,31 29,16 17,18 27,17 11,6 28,17 5,30 7,20 5,32 10,8 6,19 5,29 6,30 4,29 7,30 5,31 18,18 10,7 20,20 8,19 10,6 3,29 7,19 4,32 27,15 17,20 6,21 18,20 
5,32 17,21 10,8 6,19 10,6 10,7 12,8 7,20 29,15 17,20 4,30 12,7 28,17 29,16 19,21 4,32 30,16 11,6 4,31 19,20 7,21 28,16 5,30 5,31 6,22 
6,32 18,19 7,21 5,30 6,21 28,17 27,15 17,20 6,20 10,8 11,6 4,30 8,19 11,7 5,29 8,20 17,21 29,17 12,8 7,19 3,29 6,30 7,18 18,21 29,15 28,16 29,16 8,17 19,19 18,20 7,17 27,17 30,16 4,29 19,21 27,16 28,15 7,20 
8,21 27,17 12,8 19,21 7,19 12,6 10,8 4,31 7,20 28,16 11,7 5,32 11,6 18,20 6,31 11,9 6,19 18,19 19,19 9,22 26,18 8,19 6,21 6,20 27,16 17,19 10,7 
8,21 6,21 4,31 6,32 11,7 7,21 19,20 6,19 10,6 19,21 12,7 6,30 17,20 6,20 7,20 8,20 10,8 13,8 6,22 11,9 11,6 5,21 18,20 12,6 5,30 5,31 20,19 19,22 4,30 28,16 13,7 8,22 5,19 29,17 6,31 29,16 6,29 12,8 10,7 28,17 3,32 6,28 9,5 8,19 
27,16 28,15 10,7 8,19 6,31 10,6 18,21 29,17 17,21 11,6 9,18 11,8 27,15 11,7 17,20 5,31 8,20 6,19 26,16 11,5 4,30 4,31 7,20 4,29 11,9 5,20 4,32 10,8 12,6 12,8 12,9 8,21 5,30 12,7 18,20 6,30 29,15 5,32 3,29 17,19 5,29 13,7 6,32 7,21 
7,19 19,21 28,16 29,17 5,30 30,17 11,7 18,19 12,8 7,20 11,8 4,29 19,20 27,15 27,16 17,19 20,21 12,6 8,19 27,17 7,18 27,14 19,19 10,6 20,20 29,15 18,20 10,9 9,8 27,18 10,8 30,18 4,31 26,17 18,21 
4,32 10,8 29,17 28,15 27,17 4,31 8,21 12,6 12,7 6,19 3,33 28,16 12,8 29,15 30,18 5,31 11,8 13,7 10,9 4,30 27,16 28,17 10,6 26,16 4,33 6,21 5,30 6,31 11,7 29,16 7,19 6,30 7,20 7,21 8,20 7,31 27,14 18,21 19,19 19,21 27,15 18,19 11,6 
19,20 7,21 6,20 12,8 4,32 29,16 12,7 13,8 11,7 28,16 17,21 27,16 4,31 11,8 8,21 13,7 6,32 5,32 5,33 4,33 10,7 7,19 27,15 10,8 6,31 6,19 8,20 28,17 7,20 8,19 19,21 19,19 17,20 3,33 7,31 29,15 6,33 9,8 30,16 27,17 6,30 20,22 
8,21 5,31 8,20 6,32 6,21 29,16 5,33 17,20 27,17 26,16 28,15 18,20 27,15 6,30 17,21 7,20 27,14 28,16 11,6 9,22 16,21 11,8 7,21 6,31 4,30 10,6 8,19 27,16 11,7 
18,21 19,20 5,31 19,19 29,15 27,16 4,31 18,20 12,8 12,6 27,15 7,21 10,8 7,19 28,15 11,7 5,30 20,21 17,20 8,21 11,5 19,21 11,8 6,19 6,30 28,16 4,30 6,21 13,7 7,31 6,31 27,17 7,22 5,32 19,22 6,29 
8,21 29,17 8,20 7,20 6,21 27,15 5,32 4,31 29,16 19,21 6,32 10,8 6,33 9,19 7,32 11,6 28,14 7,34 27,16 5,21 17,21 28,17 29,15 17,20 4,32 12,6 3,30 20,20 19,20 7,33 28,15 28,18 12,8 3,31 5,31 
7,21 29,15 19,21 30,14 18,21 19,19 5,32 5,31 6,33 6,21 28,16 6,19 12,6 4,30 27,17 11,6 5,20 6,20 7,19 5,30 10,6 27,16 26,15 5,29 17,20 11,8 27,15 28,17 8,20 9,21 6,31 
6,19 5,31 17,20 19,21 27,15 18,20 6,30 18,21 19,19 7,21 20,21 6,21 11,6 28,17 17,19 5,30 6,32 7,19 12,7 20,18 6,33 10,6 28,16 6,20 6,31 29,17 27,16 17,21 8,21 28,15 10,7 4,31 30,18 
17,19 11,8 29,15 27,17 8,20 18,20 5,31 19,19 6,20 9,19 6,32 10,7 30,14 6,19 6,30 4,31 10,6 6,21 17,21 7,19 5,19 16,18 28,15 10,8 5,32 12,6 7,18 
17,20 7,21 27,15 19,20 10,6 11,7 4,30 12,7 27,16 10,8 6,30 5,32 7,19 18,21 19,19 17,19 5,31 11,8 28,16 6,31 27,17 26,15 20,20 4,32 29,15 13,7 28,14 9,7 18,19 18,20 8,21 28,17 28,15 29,16 7,30 30,16 4,31 5,30 
7,21 27,15 10,8 12,6 29,16 19,19 11,6 6,30 17,19 27,16 5,30 8,20 27,17 10,6 17,18 6,21 28,15 17,20 18,20 4,31 19,21 26,16 7,20 6,22 28,16 4,30 29,15 11,8 16,20 11,7 10,7 7,19 6,19 8,19 9,20 4,32 5,31 9,21 19,22 19,20 5,21 16,19 
27,17 18,20 10,7 17,19 6,31 7,19 7,21 17,20 11,7 18,19 10,8 5,31 27,15 11,8 27,16 9,7 10,6 28,17 6,21 16,20 7,20 4,31 5,32 8,21 4,33 4,30 19,21 5,29 8,20 28,15 20,21 6,30 
29,15 4,30 17,20 5,29 6,21 29,16 5,20 10,7 27,16 28,16 11,7 6,20 29,17 10,8 6,19 7,21 4,31 6,31 12,8 8,20 12,6 27,15 11,8 4,32 19,19 12,7 28,15 8,19 6,22 
12,7 6,31 8,21 17,21 11,7 29,16 10,8 27,17 19,19 19,21 10,7 20,20 5,30 18,21 17,20 17,19 17,22 4,31 7,21 18,20 4,30 7,20 19,20 28,15 30,16 
4,30 18,19 28,16 6,31 27,17 27,16 17,19 3,29 17,21 26,17 11,7 7,20 28,17 11,8 19,21 17,18 19,19 4,32 29,17 18,21 10,6 12,7 10,5 10,7 29,18 11,5 18,20 7,32 16,21 17,20 6,20 16,22 12,8 29,15 29,16 6,30 9,7 7,30 5,31 9,8 16,18 
18,20 8,19 28,17 29,16 19,21 27,18 27,15 29,15 4,30 19,20 12,6 6,19 7,20 17,20 6,31 18,19 17,19 27,17 6,30 6,20 7,19 12,7 11,6 6,32 8,21 17,21 10,6 7,22 6,21 11,5 8,20 11,8 16,19 16,21 18,21 12,8 27,14 28,15 5,32 13,9 
8,20 27,15 5,32 17,20 11,7 12,8 19,20 6,19 18,19 28,16 27,17 28,17 27,16 29,17 5,30 29,16 11,9 9,19 18,21 8,19 26,15 6,21 8,21 10,7 5,31 27,14 9,21 4,31 7,21 
6,31 6,30 10,6 28,17 29,15 27,16 7,21 28,18 5,31 27,17 28,15 28,16 10,8 8,20 5,30 10,7 7,20 7,31 29,17 17,19 5,32 6,21 7,19 18,20 11,8 19,21 6,32 18,21 4,31 3,31 30,16 8,32 6,20 30,17 27,15 
18,20 8,20 6,21 4,30 11,6 10,7 19,21 12,6 28,15 5,30 6,19 18,19 12,8 9,21 10,5 19,19 7,19 5,31 11,8 6,32 4,31 5,32 6,31 12,7 5,29 29,15 17,20 4,32 
7,19 12,7 6,31 29,17 11,7 18,20 4,32 19,20 6,32 4,30 17,21 18,19 5,32 28,17 28,15 5,31 13,6 4,31 11,8 27,17 12,6 17,20 19,21 3,30 10,8 11,6 6,21 18,21 13,5 27,16 8,19 7,21 27,15 17,19 12,8 6,18 26,14 20,21 11,9 10,6 9,20 26,15 18,22 
5,30 8,20 28,17 10,8 11,8 8,19 17,19 18,20 12,6 6,32 29,16 7,19 6,30 28,16 19,21 9,18 7,20 29,17 7,21 6,18 6,29 9,8 12,8 6,19 17,21 11,7 11,6 18,19 6,21 10,7 8,21 4,30 8,18 5,18 7,31 5,31 9,22 30,16 18,21 10,5 10,6 30,17 29,15 
12,8 5,32 18,21 29,17 5,30 28,17 19,19 8,20 6,20 4,31 7,19 29,15 11,7 28,14 18,20 17,20 11,8 8,19 10,8 30,18 6,19 29,16 6,30 29,18 11,6 19,20 8,21 6,21 6,31 27,16 12,7 18,22 8,18 27,15 18,19 7,21 9,20 7,20 
11,8 11,7 12,6 18,21 19,19 12,7 17,20 4,30 27,15 18,19 11,6 19,20 5,30 8,19 27,17 6,31 5,31 27,14 29,15 7,20 12,8 4,32 20,19 30,15 18,22 19,21 10,6 17,19 20,20 29,17 4,31 18,20 
27,15 26,15 19,20 6,21 6,30 27,14 4,32 17,21 5,30 29,17 18,20 10,7 6,31 18,21 18,19 5,31 29,15 28,16 12,8 6,20 5,32 4,30 17,19 27,17 6,32 28,17 8,19 6,19 11,7 7,19 12,7 8,20 10,6 19,21 11,8 7,21 28,14 26,18 11,5 6,18 4,29 19,22 28,13 8,21 9,22 
6,20 29,17 7,21 19,20 18,19 29,15 30,15 11,7 12,8 28,16 19,21 4,31 6,19 12,7 28,15 7,20 11,8 4,30 27,16 6,21 6,30 26,16 10,6 28,17 13,7 27,15 10,5 27,17 29,16 18,21 6,32 7,30 
7,20 12,6 8,21 29,16 7,19 5,32 18,19 12,7 4,31 8,19 13,6 6,30 3,32 12,8 6,32 5,29 10,6 10,8 17,20 18,20 27,16 17,19 19,20 6,21 10,7 16,21 5,31 6,31 7,31 6,19 4,30 28,16 27,17 17,21 7,18 11,7 11,6 
12,7 4,31 18,20 29,16 8,19 6,32 11,8 27,15 8,20 6,21 6,19 12,8 19,20 6,31 28,15 27,17 17,21 4,32 11,7 5,30 5,31 29,17 5,32 18,19 5,19 9,21 10,6 7,20 19,19 6,20 6,33 17,22 27,14 20,20 7,21 17,20 5,33 6,22 4,19 12,6 4,29 20,18 8,21 
4,32 28,15 11,6 6,31 6,32 28,16 4,31 27,15 10,8 29,14 29,17 12,8 10,7 17,21 28,17 7,19 7,18 26,16 29,15 6,21 5,32 18,19 6,20 7,20 11,9 
8,20 6,19 8,21 4,32 5,20 29,15 8,19 11,7 29,17 6,21 12,6 6,20 11,6 29,16 5,30 28,15 27,17 28,17 27,14 5,32 7,20 5,31 13,6 11,8 28,16 12,8 4,31 6,32 9,21 26,17 19,21 28,14 7,18 27,15 6,22 29,18 7,22 12,5 19,19 
17,21 6,31 10,8 19,19 7,21 6,19 8,20 5,32 11,7 8,21 18,19 12,7 6,21 8,19 28,16 28,17 5,31 28,15 27,16 9,22 10,7 5,30 27,15 12,8 7,20 9,8 17,22 6,30 7,32 10,6 29,16 19,21 11,8 27,14 19,22 6,32 20,22 4,30 
7,21 4,32 12,8 18,19 11,7 10,6 29,16 8,21 10,7 17,19 18,21 6,22 28,15 30,16 8,19 10,8 11,8 11,6 27,16 12,7 19,21 17,21 19,18 9,6 29,15 8,20 19,19 6,31 16,20 9,18 18,20 12,6 19,20 9,19 10,9 4,30 10,5 11,5 9,20 11,9 13,7 9,8 4,31 5,30 9,21 
28,16 27,15 18,21 10,6 7,20 5,32 29,17 18,19 8,21 19,21 7,19 6,31 30,16 6,32 4,31 6,30 18,20 17,19 6,20 18,18 29,16 11,8 8,20 20,21 11,6 19,19 5,30 12,8 19,20 11,5 27,16 30,15 12,6 17,21 10,5 8,19 16,18 17,20 
8,19 4,32 17,21 7,21 6,20 27,17 27,16 4,31 11,6 5,32 6,32 18,19 7,20 18,20 16,20 6,21 4,30 10,8 3,31 18,22 8,21 12,8 7,33 3,30 4,33 18,21 28,17 11,7 8,22 9,19 6,19 29,18 11,8 26,17 
29,16 18,21 17,19 6,21 19,19 12,7 6,32 11,7 11,6 18,20 6,19 5,30 12,8 8,19 4,32 28,17 7,19 28,15 28,16 7,21 10,6 10,8 18,19 19,20 4,30 11,8 10,9 8,20 5,19 9,18 27,15 12,6 9,20 
12,8 6,30 28,15 29,16 27,17 8,19 18,20 18,21 5,31 6,31 12,7 11,7 7,19 27,16 9,20 10,6 7,21 4,32 6,29 7,29 17,20 6,32 29,17 11,8 28,16 6,21 18,22 6,19 6,33 11,6 11,5 8,20 19,19 13,9 5,30 
17,19 11,8 8,21 18,21 27,17 18,20 4,30 17,21 16,21 29,17 28,15 29,16 6,19 17,20 19,20 6,32 11,7 7,19 28,17 6,18 29,15 8,20 9,21 19,21 12,7 11,6 5,32 12,6 10,6 29,18 13,8 17,22 9,7 29,14 5,30 9,20 9,6 28,14 10,8 7,18 
11,7 27,16 6,32 19,21 17,20 27,15 7,19 28,15 11,8 29,15 26,16 12,8 18,21 29,14 8,21 18,20 26,17 8,18 6,19 27,14 29,16 18,19 17,21 28,16 7,18 
6,30 29,17 12,8 6,20 12,6 4,30 27,17 6,29 11,7 11,6 8,21 10,8 11,8 6,31 10,7 12,7 18,21 19,21 28,16 30,16 29,15 12,9 17,20 19,20 10,6 6,32 27,16 19,19 28,17 7,20 7,19 7,21 6,19 28,15 8,18 17,21 
29,17 12,6 30,17 27,16 17,21 6,19 11,6 10,7 4,31 27,15 17,19 12,8 18,18 10,6 10,5 18,20 18,19 17,20 10,8 19,21 19,19 12,5 10,9 4,30 4,32 5,32 6,20 6,32 29,15 19,20 8,20 16,20 7,19 18,21 17,18 9,21 28,16 5,31 20,22 27,17 19,18 28,15 6,31 
6,19 17,19 18,21 6,32 17,20 8,20 19,20 27,15 5,33 28,16 8,21 10,6 7,19 9,20 8,19 12,6 12,7 7,20 16,19 6,30 5,31 29,15 18,20 29,14 16,20 11,6 26,14 5,19 11,5 8,18 19,19 10,5 28,17 29,13 20,18 12,8 11,8 10,8 28,15 7,21 
7,20 29,15 7,21 6,30 4,30 6,21 10,8 29,17 29,16 27,17 8,20 5,30 28,16 9,21 19,19 11,6 12,8 10,7 12,5 18,19 11,7 30,16 8,19 11,8 28,15 11,5 5,20 11,9 18,18 3,29 8,21 17,21 7,19 18,20 18,21 30,15 19,21 26,16 
18,19 17,19 6,19 10,8 12,7 19,21 28,17 6,21 11,7 7,21 19,20 20,21 12,6 7,19 13,5 17,20 4,30 29,18 8,21 16,21 28,16 16,18 5,30 19,19 3,29 18,21 27,15 7,20 28,18 7,18 5,31 7,22 4,31 17,21 
5,32 27,17 28,16 6,31 10,7 11,8 11,9 4,32 19,20 26,16 19,19 8,20 6,32 10,6 8,19 4,30 19,21 20,20 6,20 29,15 5,31 9,6 6,21 12,9 7,20 7,33 29,16 18,20 18,21 11,7 6,19 17,19 
7,19 6,21 7,21 27,15 29,16 10,6 6,19 28,15 19,19 8,19 11,8 10,8 5,30 11,7 8,18 12,6 5,32 8,20 17,19 6,32 12,8 11,5 29,15 30,15 19,21 8,21 11,6 18,19 17,20 12,5 6,30 18,20 
6,20 7,20 4,30 8,19 27,17 12,6 28,16 11,8 27,16 5,32 6,21 8,20 7,21 10,8 28,17 18,20 17,20 28,15 4,32 27,15 5,31 29,17 29,15 4,29 28,14 12,8 
17,19 8,21 18,21 6,32 11,8 7,20 5,31 5,30 27,15 18,19 6,31 7,19 11,7 5,32 6,19 4,30 19,19 17,21 7,21 5,18 11,6 29,15 6,20 19,18 6,30 18,20 28,15 28,14 10,6 8,19 4,32 6,18 12,8 4,31 19,21 3,32 29,16 20,20 
4,32 4,31 7,19 4,30 6,19 28,15 3,33 7,20 5,31 12,7 19,21 12,8 12,6 18,21 10,7 29,15 29,16 10,6 8,19 5,32 18,19 11,7 17,19 28,17 7,21 17,21 11,8 17,20 16,20 18,20 6,20 3,32 16,21 5,30 27,16 3,30 11,9 10,8 9,7 
4,30 29,17 4,31 12,8 5,32 4,32 6,30 18,21 12,7 18,20 19,21 13,7 10,8 11,6 6,21 11,8 28,16 11,7 12,5 10,6 7,20 29,16 8,21 10,7 30,17 7,21 4,33 
19,21 28,17 6,19 12,6 4,30 27,16 8,19 6,20 29,17 7,21 5,31 17,20 6,18 29,16 7,20 18,19 19,20 11,6 8,20 16,20 17,19 6,30 6,32 18,21 28,16 27,17 7,19 18,20 
6,19 18,19 11,6 12,6 10,8 10,6 7,19 28,17 11,7 10,7 8,20 8,19 6,32 8,21 12,7 9,21 29,16 27,15 19,20 11,8 10,5 19,19 13,7 17,21 28,15 6,31 13,8 18,18 7,21 6,21 7,32 9,8 28,16 29,15 
18,20 6,19 7,21 19,20 7,20 29,17 27,16 27,15 18,21 27,17 26,18 4,31 11,7 28,17 5,31 10,6 26,17 26,16 4,30 12,8 8,20 6,32 11,6 20,21 19,21 30,18 
27,16 6,31 17,21 6,30 27,17 12,8 18,20 5,32 11,6 19,19 17,20 7,21 17,19 10,7 20,20 5,30 19,21 28,16 12,7 18,19 6,20 8,20 18,21 8,19 16,18 11,7 8,21 29,17 9,20 7,19 9,6 16,19 6,21 7,20 8,18 8,17 12,9 9,19 13,8 17,17 27,15 19,20 13,9 
28,15 8,21 29,15 27,17 30,15 6,32 11,8 4,31 11,7 7,22 17,19 19,19 28,16 19,20 10,6 12,6 6,31 28,17 3,32 26,17 11,5 5,30 5,31 10,8 12,7 3,31 
10,6 29,15 19,19 5,30 29,16 7,21 11,8 30,16 27,16 17,20 6,19 5,31 10,8 7,19 27,17 11,7 4,32 18,19 17,19 28,17 18,18 17,17 28,14 4,30 4,29 8,21 12,7 6,20 11,6 27,18 31,16 18,20 8,20 9,6 19,21 6,31 11,5 12,4 12,6 17,18 7,20 28,15 
8,21 6,32 6,19 29,17 27,15 7,20 10,7 7,19 6,21 8,19 6,31 26,14 27,16 10,8 4,31 19,20 11,6 5,20 8,20 9,19 6,20 11,8 17,19 10,6 6,18 7,32 18,19 5,31 12,6 9,8 28,16 26,15 7,18 7,17 28,15 5,30 9,20 
5,32 28,16 5,30 7,21 27,17 6,31 29,16 6,30 10,8 17,19 19,20 29,17 8,21 12,7 7,20 5,31 19,19 28,15 4,31 29,18 26,18 28,17 28,14 18,21 27,15 18,19 7,22 11,8 29,15 6,32 6,21 11,6 19,21 4,30 
28,15 4,32 8,21 4,31 6,31 3,31 6,19 28,17 19,19 28,16 17,20 12,7 5,31 29,15 4,30 27,15 5,30 29,16 17,21 29,17 27,17 6,20 19,21 7,20 6,32 7,19 10,8 5,32 8,19 30,15 5,29 27,16 5,21 9,18 6,21 29,14 7,31 30,14 11,7 11,6 5,19 4,33 
6,20 19,20 12,8 6,30 10,6 11,6 19,19 27,16 27,17 11,7 12,6 6,19 28,15 17,21 19,21 29,17 7,20 20,22 5,31 8,20 6,32 5,21 28,17 30,18 11,8 10,7 26,17 8,21 4,32 29,16 5,29 6,33 30,16 28,14 4,31 7,19 18,21 12,7 18,19 
18,20 28,15 6,21 19,20 11,8 28,17 7,20 6,30 8,21 27,14 4,31 4,30 7,19 10,7 28,18 8,20 18,19 5,30 28,16 17,20 19,21 6,31 17,19 16,19 8,19 6,20 6,19 29,17 29,15 19,19 11,6 5,19 17,21 11,7 27,15 12,7 29,14 5,20 29,18 20,18 3,31 4,29 5,21 19,18 29,16 
4,30 29,16 11,6 10,6 12,7 4,31 7,20 6,20 19,20 28,16 27,17 17,20 27,16 8,20 6,31 17,21 18,19 12,8 5,31 6,21 4,32 3,31 18,20 13,7 29,15 5,19 10,7 8,21 6,30 6,19 5,21 16,20 16,21 11,8 11,7 8,19 20,21 9,18 18,21 29,17 7,21 10,9 28,15 7,22 
4,31 19,21 27,16 17,21 7,19 11,8 7,20 6,32 4,32 7,21 5,31 8,21 27,15 12,7 4,30 29,16 6,21 12,6 8,22 12,8 5,20 29,15 10,6 5,30 18,21 28,16 20,20 29,17 7,31 8,18 19,20 8,19 5,32 
18,19 27,17 8,20 7,19 6,21 4,31 27,16 28,15 11,7 11,8 17,21 29,15 19,20 5,31 6,20 5,30 6,19 28,16 4,32 6,31 17,19 17,20 8,21 26,17 3,30 8,19 4,30 10,7 6,32 18,18 29,17 11,9 27,15 17,22 27,14 5,32 7,20 3,32 
11,6 11,8 6,20 11,7 6,32 11,5 17,21 12,7 18,19 28,15 4,30 27,16 28,17 28,16 5,19 5,31 29,16 17,19 5,29 10,8 12,6 27,15 5,30 5,32 19,19 18,20 7,21 8,19 17,18 16,21 
6,30 4,31 6,19 7,20 18,20 28,15 11,8 11,6 5,32 27,15 17,19 6,20 29,15 10,6 7,19 29,17 28,16 12,5 7,21 6,21 12,9 10,8 18,19 26,16 11,7 28,17 12,7 18,21 29,16 17,20 19,21 5,30 10,7 6,31 12,6 17,21 6,29 13,9 6,22 13,10 30,16 6,33 
10,8 10,6 8,21 4,30 19,21 29,15 10,7 19,20 18,19 7,20 5,30 18,20 27,15 12,6 28,15 18,21 4,31 7,22 27,17 19,19 9,5 8,20 17,22 28,16 6,19 11,8 6,20 29,16 17,19 9,7 27,16 6,21 12,7 
6,19 27,17 12,7 27,15 8,19 5,31 4,30 5,20 18,20 29,17 13,8 7,19 28,15 28,17 19,21 8,21 8,20 28,16 17,19 5,30 29,15 12,8 11,8 12,6 26,15 29,16 7,21 6,21 19,19 7,20 27,16 18,21 
12,8 28,16 6,19 29,17 17,21 5,30 17,20 4,31 30,17 7,19 8,18 28,17 5,18 11,7 11,9 7,20 17,19 16,20 12,6 4,32 27,15 27,17 16,21 16,22 7,21 19,20 10,6 6,32 27,16 10,5 28,18 29,16 6,21 17,22 4,30 12,7 29,15 30,18 11,6 28,15 6,31 
17,19 18,19 28,17 19,21 29,17 8,21 19,19 5,32 8,20 12,7 17,21 18,18 11,8 28,16 12,6 19,18 29,16 4,32 8,19 5,31 17,20 11,7 8,18 9,22 5,30 27,17 6,31 6,21 6,30 28,18 4,29 6,29 10,7 19,20 
5,32 29,16 10,8 28,15 28,16 11,8 11,7 27,15 4,30 12,6 7,20 12,8 8,21 27,16 10,9 4,31 4,32 7,21 10,7 6,30 9,21 29,15 12,7 18,21 7,19 6,20 7,31 27,17 19,20 
4,32 5,32 11,7 4,33 29,16 18,20 27,15 11,8 12,6 18,19 12,7 8,21 17,21 4,30 12,8 28,15 6,20 29,15 10,7 5,31 3,31 7,20 6,19 27,14 6,30 28,17 2,31 10,8 19,21 20,21 20,22 10,6 10,9 19,19 
27,16 18,21 17,21 27,17 7,20 6,31 19,21 17,22 19,22 19,20 26,16 28,15 28,17 4,31 29,18 19,19 5,30 25,17 3,32 26,15 8,19 28,16 17,20 27,14 16,22 20,20 20,18 11,6 18,19 18,20 18,22 16,20 26,17 10,6 4,32 12,6 27,15 29,16 5,32 16,19 26,18 20,22 11,7 27,19 
28,16 4,32 29,15 6,19 28,15 7,19 4,30 19,21 6,21 7,20 6,20 8,20 17,20 12,7 11,7 29,17 30,15 19,19 8,21 5,32 11,6 5,31 10,7 7,21 5,20 9,21 30,16 27,16 4,31 26,16 12,5 17,21 18,20 12,8 6,30 8,18 30,17 3,29 20,21 11,8 
7,19 29,16 12,8 28,15 19,21 5,31 8,20 19,19 27,15 4,31 4,30 27,16 6,30 12,7 7,29 5,29 3,29 28,14 13,9 27,17 18,20 8,21 19,20 7,21 11,8 28,17 29,15 10,8 
29,17 6,32 4,30 4,31 8,19 7,21 3,31 7,22 29,15 28,15 6,20 18,21 10,6 10,8 9,7 12,7 27,15 28,17 8,21 8,20 8,22 7,20 11,9 5,31 17,20 6,23 12,8 7,19 
10,6 11,7 19,21 29,15 6,19 4,30 5,30 12,8 27,16 6,21 17,20 12,7 6,31 6,30 6,20 19,20 8,20 18,20 5,31 27,15 17,19 12,6 11,6 20,19 4,29 19,19 
27,16 5,30 10,6 27,17 8,19 29,16 27,15 10,7 17,20 19,21 12,7 4,30 11,8 18,20 18,21 28,16 28,17 29,15 28,15 7,19 7,21 11,7 10,8 8,20 26,14 8,21 6,30 9,19 
28,17 29,15 5,32 8,19 30,16 4,31 19,20 27,17 4,32 5,30 11,8 29,16 6,20 26,17 18,21 7,19 5,31 8,18 19,21 27,16 28,18 10,8 4,30 18,22 28,15 18,19 
19,19 11,7 28,16 6,30 19,21 6,19 5,30 12,6 4,32 17,20 18,19 18,20 10,7 29,16 5,32 18,18 5,18 29,15 27,16 6,21 4,30 30,15 28,17 20,18 6,33 3,30 6,20 
4,31 11,8 27,15 19,20 11,7 6,19 28,17 12,6 6,32 10,8 27,17 5,30 27,18 5,31 7,32 26,14 12,7 6,21 9,9 12,8 7,20 6,30 5,32 19,19 13,7 29,17 4,32 11,9 8,21 29,18 19,21 7,29 26,17 29,16 9,21 6,18 8,19 6,31 8,28 7,18 4,30 9,20 8,20 5,29 
27,17 7,20 10,6 18,21 18,20 19,21 19,20 7,19 28,17 29,17 6,32 6,31 17,21 11,5 27,16 12,8 17,22 11,8 28,16 17,19 10,7 28,15 6,20 7,21 9,8 27,15 8,20 28,18 
6,31 8,21 12,7 6,30 18,20 17,19 7,19 29,16 11,6 28,15 6,19 27,16 7,20 28,16 27,15 4,30 17,20 11,8 12,8 6,21 8,22 11,9 10,5 3,29 5,31 
10,6 17,20 6,32 10,8 6,21 17,21 5,20 11,7 19,20 27,16 18,19 7,21 4,31 7,20 6,22 7,22 12,7 27,15 29,15 6,31 17,19 26,17 11,6 10,7 6,20 27,17 19,18 29,16 5,30 9,7 16,20 12,6 18,20 19,21 18,21 30,17 6,30 29,17 11,9 
19,20 11,8 29,15 18,19 12,7 8,21 28,16 19,21 4,31 7,20 29,16 4,30 28,17 4,32 17,21 18,20 18,21 17,20 10,7 10,8 7,19 6,20 5,30 29,17 17,19 6,32 5,31 9,6 8,19 27,15 26,16 27,17 9,7 
29,17 12,7 17,20 8,20 10,8 27,15 19,20 29,16 28,14 28,16 29,15 11,6 4,30 4,32 19,19 7,21 10,6 18,20 12,8 17,21 9,8 10,7 18,21 28,15 28,17 8,21 11,7 17,19 16,20 11,8 6,30 3,31 6,19 27,14 18,19 
8,21 8,20 18,21 6,19 17,20 6,20 5,30 5,31 4,31 5,32 29,16 4,30 6,32 28,15 11,8 6,30 7,19 27,16 30,17 10,7 6,31 11,6 29,15 30,15 30,16 6,18 10,6 7,21 3,30 19,22 
11,8 29,17 19,21 19,19 4,30 29,15 11,6 6,19 18,19 17,20 4,32 8,20 29,16 10,6 28,16 10,7 12,6 28,17 13,5 4,31 28,15 12,7 6,20 7,19 19,20 7,20 20,19 17,21 20,21 27,15 27,18 6,21 6,30 18,21 10,5 
8,21 4,31 19,20 27,15 29,15 18,19 10,7 5,32 10,6 6,19 4,32 3,33 29,16 29,17 11,6 6,30 20,19 6,31 12,7 3,31 28,16 17,19 6,20 28,15 12,5 5,31 10,5 6,32 6,21 8,20 
12,8 29,15 11,8 6,31 18,20 29,16 28,17 10,8 30,16 10,9 28,16 19,20 4,31 29,17 29,18 11,7 28,15 8,20 5,30 4,30 12,7 10,7 30,17 13,9 9,20 12,6 
7,19 4,30 11,8 18,21 6,32 6,19 19,20 29,15 7,18 28,16 18,20 7,21 6,30 5,31 29,16 10,6 7,20 12,9 10,8 28,15 17,20 27,17 19,22 12,8 17,21 12,7 5,30 6,20 4,31 28,17 19,21 6,21 8,21 16,22 5,19 8,20 16,20 5,21 27,16 6,31 18,19 
4,31 18,19 6,31 12,6 28,15 7,19 7,21 19,21 6,30 19,20 18,21 29,15 6,18 27,16 29,17 27,15 6,32 6,21 6,22 18,20 27,14 8,19 4,32 29,16 28,17 11,7 12,8 8,20 9,21 5,32 28,16 20,20 7,29 
29,16 18,19 19,20 6,32 17,21 19,21 6,21 27,17 17,19 26,18 19,19 10,7 7,19 12,8 28,15 18,21 6,33 5,31 11,7 29,15 7,33 6,30 6,19 28,17 17,20 6,31 4,31 19,18 7,20 11,8 30,14 6,20 27,16 5,30 7,31 7,32 5,20 4,32 28,16 
28,17 18,19 27,17 4,31 29,17 19,20 17,21 7,21 7,20 29,15 28,15 29,14 27,15 6,30 29,16 8,19 8,21 17,20 11,6 11,8 8,18 6,22 6,32 6,20 6,31 5,30 19,19 4,30 27,16 8,20 5,32 3,29 
27,16 8,20 6,32 28,17 6,21 6,30 6,20 5,30 29,16 12,6 27,15 18,20 11,6 11,8 11,5 18,21 8,19 28,15 29,17 11,7 10,7 29,15 7,19 12,5 4,30 27,17 30,17 30,16 6,31 10,8 6,19 28,18 28,16 8,21 7,20 
8,19 27,17 11,7 28,16 6,21 7,20 10,6 18,20 7,21 5,31 29,17 18,21 6,30 27,16 29,15 28,18 6,31 6,19 30,18 7,22 28,17 10,7 17,19 8,20 11,6 5,19 8,21 19,21 11,5 6,20 11,8 7,19 8,18 6,32 5,20 17,21 27,18 
6,19 11,6 18,19 4,31 6,20 10,7 9,7 5,31 4,32 17,20 27,16 28,15 17,19 27,15 9,8 10,6 29,17 18,18 6,32 17,18 12,6 11,7 6,33 6,30 6,21 19,20 11,8 
17,20 5,30 7,19 6,20 12,8 7,20 4,31 11,7 10,8 13,8 12,7 19,20 18,21 16,21 19,19 5,31 12,6 20,20 6,32 10,6 6,31 6,30 4,30 19,18 6,29 6,19 18,20 29,17 
12,6 18,21 11,7 29,17 5,32 17,20 8,21 17,19 7,21 27,16 10,8 12,8 29,16 28,15 18,19 8,19 27,17 7,20 9,20 4,32 6,30 6,21 18,18 11,6 5,29 17,21 9,21 29,18 28,16 5,31 19,20 8,20 11,8 13,7 12,7 19,21 18,20 5,22 19,18 26,16 28,17 4,30 10,6 6,31 10,7 
28,16 4,32 11,8 10,8 6,21 10,6 7,20 6,30 7,21 8,20 6,19 8,21 5,32 18,19 11,6 19,19 29,16 17,21 8,19 11,7 27,15 19,21 10,7 12,8 5,30 
28,16 4,32 19,19 4,30 29,16 8,21 4,31 19,20 17,19 3,29 12,7 17,18 18,20 10,8 7,21 5,30 5,31 3,33 29,15 7,19 6,19 27,15 28,17 6,20 19,18 8,20 18,19 
12,7 4,30 19,21 29,16 8,21 29,17 5,32 10,6 28,15 18,21 6,20 5,31 18,20 6,32 10,8 30,17 19,20 30,18 11,8 17,19 5,30 7,19 5,33 6,30 6,31 16,20 8,22 7,21 18,19 8,20 27,15 19,19 6,19 5,29 4,31 6,21 19,18 28,16 3,30 4,33 7,22 6,23 18,18 
5,32 17,21 27,16 18,20 29,17 4,32 8,21 27,15 7,20 28,17 4,33 8,19 10,7 7,19 12,6 19,21 29,15 12,8 8,18 4,31 18,19 6,20 11,7 30,18 26,17 29,14 11,6 28,14 28,15 3,33 
17,20 12,7 6,19 19,20 28,15 7,20 12,6 29,16 10,6 6,31 8,19 7,21 9,7 6,20 5,19 30,16 10,7 18,19 19,19 28,16 5,32 9,6 6,32 17,19 10,8 4,31 18,21 4,30 7,22 16,19 17,18 4,32 18,20 11,8 17,17 18,18 7,32 16,20 7,19 9,18 
18,19 5,30 10,7 6,21 10,6 27,17 11,8 11,7 6,30 28,18 11,6 17,18 10,8 19,19 29,15 7,29 6,20 27,16 18,21 29,17 5,32 4,31 9,7 19,20 6,32 7,31 20,20 28,15 7,21 4,32 17,21 18,20 12,8 3,32 20,18 12,6 17,22 26,17 8,20 20,19 5,20 29,16 5,31 10,5 
18,19 5,31 27,15 27,16 12,6 7,19 5,30 10,7 29,15 12,8 19,19 6,29 17,20 8,21 6,30 6,31 26,15 7,29 8,19 6,19 12,7 28,17 8,20 11,6 4,32 7,22 18,20 30,15 6,20 28,15 28,16 19,20 5,32 7,21 7,20 29,16 13,5 6,21 
6,31 27,15 28,15 17,19 5,31 6,19 12,7 27,16 5,30 17,21 11,7 19,20 10,6 12,6 18,20 6,32 7,19 28,14 6,18 18,19 8,20 6,33 7,20 19,21 6,21 18,18 11,6 11,8 4,31 6,30 
17,21 11,6 12,7 8,19 6,32 7,20 6,30 6,19 17,20 8,20 28,15 19,21 4,32 18,20 6,21 7,21 9,18 19,20 10,6 7,22 10,5 5,30 9,19 12,6 11,7 11,5 28,17 6,33 5,32 27,16 13,5 18,21 6,31 
11,6 28,16 28,15 29,16 5,30 6,31 7,21 19,19 17,21 5,31 18,20 27,15 8,19 7,19 18,19 29,15 7,18 17,20 11,8 6,21 5,32 27,17 6,20 11,7 12,8 
18,19 4,32 5,30 12,7 6,30 27,16 11,8 7,20 29,15 18,20 7,21 27,15 12,8 8,19 28,17 10,7 18,21 5,31 4,30 9,8 28,15 11,7 19,19 20,18 11,9 19,20 4,31 30,15 13,6 6,32 6,20 19,22 
11,7 19,21 28,16 27,16 18,21 17,21 5,32 10,8 11,8 6,31 5,31 29,15 5,30 19,19 16,21 6,30 7,20 6,20 8,19 12,7 27,15 4,32 6,21 5,29 8,21 10,9 12,8 26,16 26,15 28,17 13,9 28,15 6,32 17,20 13,8 12,6 8,20 
19,19 5,31 6,32 10,8 4,30 11,9 10,7 18,21 5,30 8,21 29,15 29,16 6,29 11,6 28,16 6,30 7,21 18,19 6,20 6,21 18,22 7,30 8,20 27,17 7,29 6,19 19,20 10,6 12,5 9,20 12,7 11,8 17,20 3,31 
8,20 6,30 5,30 6,21 28,17 27,16 12,8 4,32 7,21 28,15 4,31 29,16 29,15 4,30 17,19 7,20 27,15 11,6 8,19 11,7 18,21 9,20 6,20 27,17 12,6 26,17 13,6 7,22 7,29 19,21 19,19 18,18 10,8 20,20 6,32 30,14 5,31 28,14 5,32 6,19 12,7 3,31 3,32 11,8 19,22 
10,7 6,31 11,8 8,19 7,31 8,20 12,7 6,20 6,32 19,19 7,20 11,7 4,31 6,21 12,8 7,32 29,15 20,19 5,32 28,16 12,6 8,21 4,32 28,15 13,9 7,21 4,30 10,6 4,33 
12,7 4,31 11,8 28,15 27,16 6,31 8,19 28,17 5,30 17,21 12,8 19,20 8,21 9,18 11,7 7,19 29,15 29,16 5,31 8,20 8,22 29,17 18,20 6,32 12,6 7,20 6,19 10,8 30,16 27,15 12,9 5,32 6,21 31,15 4,32 30,14 7,21 27,17 18,22 28,16 11,6 6,20 6,33 27,18 
28,16 11,6 7,19 4,30 28,17 19,21 27,16 12,8 6,21 27,15 27,17 6,30 12,5 6,20 6,19 7,18 18,19 11,8 12,6 17,21 8,19 17,19 4,32 11,7 11,9 7,21 5,33 5,32 29,17 28,15 12,7 27,18 10,7 27,19 9,19 8,21 7,22 28,18 11,5 4,33 9,20 28,14 
11,6 7,19 19,21 7,20 11,7 17,21 10,8 6,19 7,21 17,19 6,18 12,6 18,21 28,17 4,31 19,19 6,20 5,19 10,7 9,6 4,20 18,22 17,20 5,21 5,31 27,16 11,5 27,17 17,22 10,6 7,22 8,18 4,32 
17,19 4,31 18,21 6,32 10,8 17,21 11,7 17,22 4,32 10,7 10,6 7,20 12,8 5,32 5,31 12,6 11,9 6,19 29,16 12,7 13,6 10,5 11,8 28,17 7,19 18,22 6,31 8,19 6,30 27,15 9,7 29,15 7,21 8,6 9,8 4,30 13,7 8,20 5,30 6,20 8,21 19,20 19,21 16,20 9,21 
28,17 28,15 12,6 12,7 11,6 29,16 6,32 17,19 11,7 19,19 29,15 18,21 5,33 8,19 10,6 6,20 19,21 17,20 7,20 10,7 11,5 8,21 7,21 27,15 28,14 6,30 19,20 4,32 5,32 8,22 6,31 7,31 20,21 26,16 27,14 12,8 27,18 19,18 5,19 28,16 9,6 17,21 21,21 6,21 
28,17 4,32 12,6 17,21 7,19 27,16 13,6 4,31 29,17 6,21 8,19 27,15 5,20 27,14 6,20 7,22 10,8 11,6 8,18 5,21 17,20 5,30 11,7 6,32 7,21 4,30 7,20 18,21 
17,20 19,20 6,21 17,19 6,19 6,20 11,6 27,16 18,19 28,15 7,21 7,20 19,21 8,21 5,19 5,31 6,32 18,21 10,8 16,21 12,8 18,18 5,30 28,16 29,16 6,22 8,20 27,17 29,15 27,15 12,6 8,19 4,32 17,21 30,14 
7,21 5,32 12,7 4,30 6,21 6,32 6,31 10,8 18,19 6,19 27,16 8,21 12,8 6,30 13,8 9,8 28,16 28,15 5,31 19,20 29,17 29,15 18,20 6,33 7,32 12,9 9,22 17,21 18,21 13,6 5,30 16,22 16,20 29,16 13,7 19,21 28,17 17,19 
6,21 27,16 12,7 6,31 18,21 28,16 10,8 18,19 10,6 12,8 28,17 6,30 5,30 17,20 11,7 12,9 17,19 11,6 5,31 29,17 4,31 18,20 19,20 28,18 11,8 4,32 29,18 5,32 6,22 4,30 6,29 6,32 7,29 3,29 9,5 5,29 28,15 19,21 26,16 
5,30 18,21 6,30 7,19 6,19 6,21 28,16 28,17 4,30 4,29 17,19 27,17 29,17 28,15 3,29 19,21 12,7 2,30 7,21 7,20 30,16 5,29 11,8 30,17 28,18 29,16 12,6 27,14 10,6 6,32 8,20 8,21 8,19 11,7 18,22 17,20 16,20 13,7 5,19 27,18 4,32 17,21 5,31 
5,32 6,31 4,32 6,30 29,15 28,15 6,32 19,20 6,20 8,21 11,7 7,31 5,19 28,16 7,29 11,8 12,7 8,20 6,21 7,20 3,32 12,6 13,6 17,19 6,33 28,17 10,8 4,31 19,19 5,20 7,19 8,19 18,21 29,17 17,20 
10,6 17,20 19,19 29,15 27,15 19,21 12,6 27,16 6,31 8,21 18,19 6,19 28,15 8,20 11,6 7,20 12,7 17,18 29,14 18,21 5,31 7,21 11,7 10,8 19,20 18,20 6,30 7,30 4,30 8,19 19,22 
4,31 4,30 7,19 10,6 8,19 11,8 5,31 5,32 8,20 6,32 18,20 6,31 12,8 28,16 19,19 28,15 27,16 29,15 6,19 10,7 19,20 12,7 9,20 10,19 10,8 5,30 18,19 4,32 29,14 3,33 12,6 20,20 9,21 27,15 13,6 
5,30 17,19 5,32 6,31 27,16 19,21 7,21 4,29 29,15 17,21 27,17 7,31 10,7 11,7 28,15 4,32 6,30 12,8 7,20 6,33 5,31 29,16 18,21 6,19 10,6 19,19 8,19 6,32 4,30 3,31 
27,17 6,19 29,16 18,19 26,16 4,30 7,20 17,19 5,31 29,15 17,21 18,20 5,32 12,8 19,19 19,21 10,6 10,8 7,21 27,16 20,22 18,18 6,18 17,20 28,15 18,21 
